IdStar	IdEnd	Length
0	2550	5.998504779
1	2489	29.29949039
2	2156	13.81623196
3	931	44.1870739
4	1724	26.9428513
5	147	10.22620821
6	144	0.472586324
7	1889	258.830826
7	2946	109.6395931
8	5	9.008813362
9	1722	12.3457533
10	1984	29.09855169
11	1333	52.1287624
12	1326	185.1638421
13	2583	24.82813152
14	1378	2.547945161
15	2755	21.2752206
16	2481	44.75390962
17	1936	18.37778761
18	2039	5.008122899
19	3494	1693.034922
20	1251	3.454773708
21	2018	113.9979538
22	3030	24.32947277
23	1848	127.2170368
24	1536	0.720299788
25	2463	86.74597442
26	379	12.2308303
27	28	486.794012
28	30	171.9683359
29	370	27.13255537
30	348	81.54420358
31	170	423.7309377
32	1432	594.3863637
33	344	33.4936857
34	2330	501.5534466
35	2888	51.16941186
36	262	51.59273399
37	1269	0.640613222
38	1596	21.68563434
39	1272	1.911765665
40	396	29.5673101
42	1000	37.46168689
43	1278	32.11955984
44	46	45.44380196
45	533	1.800978722
46	48	86.32283674
47	1892	17.65657905
48	3317	53.15292881
49	2499	2.830744955
50	1185	77.97633953
51	50	31.12346439
52	272	176.9741223
53	390	65.43703004
54	3324	96.67923358
55	3094	115.814008
56	1800	28.1387866
57	2772	1.730641037
58	47	9.749246383
59	58	0.1664045
60	3379	224.0980498
61	3409	148.7305898
62	2616	4.980390863
63	3075	81.06334072
64	439	13.17291055
65	3348	34.53233008
66	1450	89.75308132
68	81	13.12222914
69	79	24.29075229
70	85	23.69951594
71	74	4.847185355
72	73	4.900785482
73	71	28.25435593
74	84	43.68620005
75	77	4.404099828
76	75	36.74503541
77	72	31.93967731
78	76	1.700696169
79	80	18.82346222
80	3494	49.93394274
81	3494	34.40627971
82	1730	156.0814532
83	1657	13.43764703
84	70	15.44264097
85	69	9.500081693
86	89	1.103624333
87	88	3.335411285
88	2195	64.79409581
89	3293	65.96426512
90	1343	115.3176003
91	92	30.93654685
92	3047	76.91047453
93	555	3.966192867
94	2636	51.15346246
95	3494	3.98331001
96	3494	38.39850907
97	101	0.070613305
98	1162	0.554182361
99	966	2.302853439
100	3046	2.494898358
101	3076	10.91432386
102	3494	40.99824712
103	104	0.406651065
104	2751	158.6974098
105	1673	19.92100554
106	2975	3.04189408
107	219	1910.643038
109	1362	6.03158805
110	1391	103.490031
111	1177	69.70595013
112	3494	6.015876144
113	688	49.59972801
114	2620	17.19539025
115	595	27.891515
116	2442	114.4278386
117	994	15.57059183
118	190	38.31818054
119	2403	52.13223875
120	2221	69.01496059
121	956	46.25777583
122	121	132.5365321
123	663	6.84006858
124	2457	1.36926844
125	3366	129.7273672
126	2086	21.61268127
128	2339	45.072891
129	3494	1475.393061
130	384	1.107539279
131	1510	41.42532913
132	130	27.99496352
133	1015	1.218728003
134	389	5.832794738
135	3494	207.3481386
136	218	232.2012155
137	3255	60.07006403
138	3414	44.3535863
139	1419	12.51499356
140	3494	1292.409085
141	156	0.392002209
142	1636	5.449798239
143	142	1.214290987
144	143	3.125336408
145	1433	143.9947156
146	150	17.63764151
147	349	77.39871477
148	149	1.081252162
149	1714	14.25887326
150	8	4.702701951
151	2081	54.75041998
152	154	11.33967668
153	151	19.32828317
154	153	21.43378972
155	2523	113.1150932
156	156	0.318329886
156	3429	1.278330241
157	141	15.04330388
158	2826	29.19327174
159	3494	26.23840493
160	3123	302.2162111
161	3148	29.83227543
162	1758	12.44783993
163	3494	24.81356555
164	2674	84.54914962
165	1910	19.09745648
166	126	121.9329922
167	167	0.9041083
167	3425	26.86064845
168	3494	49.4071782
169	2543	158.7605572
170	2334	49.64158466
171	3494	308.6081818
172	1640	213.2205951
173	3253	704.2114395
174	3330	73.51967159
175	176	104.6269415
176	3353	886.35022
177	3331	876.3890015
178	3494	9.615011426
179	180	6.446873462
180	3242	334.3685213
181	368	180.7595059
182	263	118.4256035
183	3410	216.4318234
184	42	45.94590694
185	184	10.45579651
186	2899	4.997809562
187	2897	1.865387611
188	2892	4.103195508
189	188	29.56458291
190	1118	42.66620874
191	185	4.70943514
192	191	59.46001655
193	3494	10.52502135
194	193	3.603197952
195	476	3.618171149
196	3317	42.49771896
197	3111	4.44153615
198	3494	32.219685
199	200	49.89497707
200	118	68.12845169
201	1694	45.43281966
202	161	17.54619089
203	3266	119.8283849
204	2062	12.44343818
205	2077	0.527142867
206	177	1721.144986
207	208	1.470569983
208	3494	20.00305499
209	2004	1664.956529
210	2146	22.79224111
211	209	10.90015592
212	1496	33.43303857
213	230	73.31815235
214	2152	165.3269076
215	3494	214.217388
216	217	1075.288357
217	3169	1611.99254
218	2677	1338.78206
219	366	198.6041648
220	2820	3.77141581
221	581	23.1402123
222	225	98.45879603
223	224	91.42564383
224	1368	160.1669195
225	3494	68.41933369
226	2	8.912591323
227	1919	85.48902389
228	3444	154.5188489
229	228	9.881488624
230	229	478.3868832
231	2794	93.27796755
232	2591	97.43226803
233	237	37.49032753
234	3494	234.4903772
235	234	234.4672933
236	3108	22.91279999
237	12	12.40926498
238	3446	1012.628185
239	238	3.146422051
240	239	33.17156131
241	2576	95.37437196
242	2404	20.86061594
243	2555	1.78900219
244	2037	108.9068737
245	2728	16.52792784
246	2551	10.24634026
247	1387	11.14038154
248	3040	10.61760059
249	2542	16.12204427
250	251	13.10971638
251	2274	3.726401983
252	2345	5.024880008
253	2344	6.045980187
254	3494	304.8336927
255	1405	21.10567382
256	1410	5.131720406
257	1515	7.284448589
258	3494	1553.578129
259	3361	38.58655257
260	3494	4.821802545
261	3059	177.3986156
262	657	15.303286
263	314	60.8894638
264	2630	6.011153623
265	1755	16.69333167
266	2335	4.983942268
267	2819	2.037180556
268	265	23.67218087
269	1213	8.183539149
270	2319	8.254099335
271	1329	142.7548408
272	3411	31.42663456
273	2780	306.6731616
274	273	51.63766556
275	2320	9.178969199
276	277	0.0989091
277	2067	12.3258727
278	1484	42.83115884
279	3426	34.99683154
280	2470	0.475003996
282	1222	29.80260143
283	1656	0.551724521
284	839	22.71878447
285	1178	48.78132008
286	287	5.291455479
287	2801	0.466264906
288	420	71.41796688
289	288	5.294742464
290	2644	8.577288881
291	290	32.88588252
292	291	5.896462264
293	3494	77.73302579
294	3494	543.3404483
295	3494	93.91790901
296	3145	8.97786533
297	1735	3.125631697
298	1904	200.7754663
301	303	33.98082852
302	301	20.59069705
303	3408	84.69942112
305	1239	125.615617
306	2645	1.985799147
307	308	11.12345856
308	306	47.07594918
309	510	11.62325311
310	138	16.46397182
311	1117	62.07778322
311	2216	66.05578458
312	2277	2.069390288
312	2278	0.242629812
313	2692	70.27290998
314	294	70.84130402
315	2329	13.74002874
316	3268	334.7736291
317	1759	265.8555237
318	2640	230.8028324
319	3494	40.39845821
320	3494	572.2687007
321	2123	6.035658318
322	2688	132.3770846
323	642	16.76756383
324	135	54.28057072
325	387	9.570324306
326	330	1.195509618
327	134	1.207394729
328	324	1.015850681
329	325	0.038507824
330	388	7.25717268
331	54	23.26673234
332	1424	15.55369823
333	1542	84.83651263
334	2730	36.42844779
335	512	73.35506042
336	2821	23.88206429
337	1573	7.727422476
338	542	8.603867961
339	3488	917.5189341
340	18	67.80253888
341	206	4.709337002
342	2886	75.44582341
343	1259	131.890598
344	343	2.596312185
345	346	14.45719528
346	373	64.18013071
347	378	49.77868834
348	347	0.08842773
349	152	105.1639932
350	351	28.71766058
351	352	30.12241951
352	353	24.51124402
353	3494	691.8306257
354	608	108.7387902
355	357	10.40509761
356	3152	173.9457286
357	356	18.44695822
358	268	16.73112536
359	2006	2.082248247
361	2822	6.297916072
362	1463	19.38630414
363	2776	470.4756962
364	1964	221.4420349
365	364	4.810230551
366	365	47.18188556
367	3275	3102.49306
368	182	392.3053094
369	181	48.88771444
370	374	86.44798019
371	372	67.95840997
372	29	60.20678817
373	371	87.9833379
374	1751	83.71482711
375	1507	45.2598912
376	377	0.364882262
377	32	151.4435474
378	2816	5.831551927
379	376	145.7444138
380	172	567.7168316
381	3494	92.07029683
382	132	16.26742238
383	131	71.89248248
384	1093	79.93014471
385	497	45.8638078
386	3393	1303.287876
387	328	12.917821
388	329	14.838174
389	326	15.18684322
390	327	16.19119519
391	340	248.8004682
392	2033	119.2836805
393	322	0.211938941
394	3361	83.10743001
395	1174	46.44737616
396	2136	114.7817894
397	1369	171.6221832
398	506	5.17094962
399	1655	4.295295861
400	423	0.742106499
401	406	0.968411436
402	747	67.12530175
403	990	0.402785359
404	460	1.354312684
405	567	14.37222363
406	1439	10.72040232
407	1906	0.769045778
408	569	5.33608155
409	1533	0.50107927
410	522	12.71739693
411	568	0.0738064
412	571	25.68363536
413	1121	9.25080736
414	3477	18.01928591
415	2505	3.602420095
416	122	47.30363515
417	3235	67.68159121
418	1055	17.7735748
419	2031	1.984697415
420	1073	61.69138045
421	2500	89.43615556
422	1284	8.193727009
423	2940	2.976164399
424	297	5.423517208
425	1846	37.25967438
426	1134	1.903680625
427	451	78.55964594
428	2713	12.29240555
429	2109	16.29105219
430	456	1.321745691
431	2953	1.79060471
432	633	7.8318521
433	624	35.96105023
434	544	0.072677026
435	1588	6.097856307
436	1382	0.675036211
437	469	72.45441458
438	1052	92.91626034
439	2813	0.623805083
440	2508	16.26411969
441	2073	48.15137507
442	1250	4.334920225
443	399	10.79681031
444	197	39.31927134
445	525	1.678579409
446	2385	12.57386163
447	612	167.3292358
448	1043	6.292478533
449	660	28.80779739
450	309	15.15712589
451	643	111.3160555
452	452	0.057920237
452	3494	1.703715166
453	1698	22.66405307
454	655	12.98771789
455	1342	128.2518184
456	1088	107.1995121
457	885	58.81706452
458	383	170.2671851
459	2970	0.817336906
460	430	1.500014079
461	452	2.881602036
461	461	0.071393674
462	2013	58.4016258
463	412	1.793019359
464	2446	0.602405996
465	955	54.12980877
466	415	0.320508314
467	203	330.0602028
468	468	0.938353418
468	3494	4.162737416
469	724	79.90913029
470	3478	74.20152918
471	3032	6.09448178
472	523	6.664189387
473	2721	199.78187
474	2589	2.614578132
475	2753	6.5827238
476	1885	108.2671341
477	618	0.035479137
478	530	93.98975542
479	2253	38.97247547
480	2765	0.297290684
481	194	165.6045031
482	622	7.716690028
483	3193	22.33809045
484	855	44.77168263
485	584	56.00697157
486	2972	0.898573042
487	3415	33.60529384
488	1068	221.652631
489	226	8.921537361
490	3092	158.6736397
491	1922	14.57747204
492	1179	32.18514503
493	3415	17.82473744
494	521	15.74107763
495	805	10.36461
496	1893	21.20394088
497	2127	5.59701933
498	592	1.238590078
499	2836	7.950751594
500	1394	3.055920611
501	280	1.376622883
502	527	96.93397104
502	3494	69.68908506
503	1111	33.73843472
505	871	6.118628807
506	603	4.598690813
507	951	12.01442747
508	575	1.162819574
509	829	8.895039875
510	558	0.435986942
511	461	0.323502757
512	538	39.43937839
513	1979	2.237320138
514	682	197.5514015
515	178	5.404426112
516	1192	200.0112904
517	848	30.81010333
518	900	0.876435305
519	2477	40.26876388
520	616	3.501615193
521	572	107.5190215
522	471	23.98200374
523	1782	0.996311645
524	872	68.35455072
525	1107	39.58445904
526	2945	63.52778199
527	3158	0.164812436
529	1740	8.848179782
530	1831	21.47312093
531	3481	58.7515146
532	2501	19.76915942
533	1868	1.202315621
534	1151	14.43624301
535	3083	0.581967753
536	978	63.76110626
537	2310	4.639844448
538	628	151.005886
539	440	61.03987819
540	3347	103.0927589
541	2962	0.478083552
542	493	275.508344
543	739	32.46050465
544	729	4.69956672
545	3494	35.00948624
546	3256	42.70878195
547	1089	15.484027
548	1703	3.685519514
549	1973	33.37477659
550	1532	2.094081082
551	546	11.88994912
552	3494	47.55376068
553	1623	8.479227251
554	1328	9.465966485
555	1286	7.96986707
556	650	2.094511426
557	691	29.61575831
558	45	5.484437096
559	570	0.272874439
560	2014	0.447577119
561	2965	0.341580822
562	1008	263.7893594
563	2240	149.0439715
564	1002	234.0178828
565	1569	2.577913669
566	2491	24.64252355
567	3494	85.27867971
568	2430	10.68236839
569	1076	36.42274546
570	410	4.858373215
571	1905	18.79916342
572	741	33.25874723
573	750	10.02146401
574	2202	111.4315356
575	477	0.049008769
576	2371	4.057510127
577	957	7.868375851
578	1734	29.60437338
579	1595	3.147559596
580	535	19.69135502
581	3007	17.97598318
582	1141	19.54061831
583	588	0.600699876
584	972	32.77959972
585	541	1.495683972
587	2609	15.54918503
588	434	1.318088085
589	615	10.27544679
590	3206	26.54433933
591	1255	117.8954024
592	442	4.520777387
593	566	18.10575543
594	475	10.81890502
595	2783	33.66693699
596	639	0.453573791
597	675	197.926674
598	1130	9.031623089
599	2887	14.53951749
600	1453	49.92144768
601	2015	30.0876285
602	2843	3.023742069
603	647	10.28651277
604	2701	29.49458095
605	3494	12.3460922
606	1706	477.8081564
607	3494	9.071951119
608	3214	5.122529461
609	2784	1.90529448
610	858	1.3974107
611	2504	54.64470209
612	3494	7.932545957
613	436	1.961034766
614	610	23.0483362
615	1183	3.821925937
616	2877	10.28003463
617	2472	2.964781885
618	454	15.37665545
619	996	1.230057883
620	2395	46.66972463
621	1602	7.598199347
622	421	6.344937281
623	1323	6.06719474
624	2261	15.00839152
625	1270	5.503063767
626	3114	0.861494733
627	3494	57.81179945
628	2749	54.21854607
629	2393	1.138314713
630	489	5.793164064
631	2804	209.3297648
632	513	0.747565523
633	3494	1290.043147
634	34	109.1541736
635	1421	27.34246925
636	1676	3.79871889
637	64	18.59658068
638	775	44.81583061
639	2669	93.11643451
640	2949	9.744231637
641	96	5.262079411
642	3478	54.76772433
643	1691	4.433103977
644	401	49.20186897
645	438	0.71989556
646	735	12.43007678
647	1643	5.12904842
648	1663	21.89856117
649	3082	0.545482271
650	3296	74.57749532
651	2503	1.983212446
652	1039	40.09553012
653	3494	26.81659064
654	593	13.53652536
655	1530	4.267443868
656	720	69.84945357
657	2878	13.96053874
658	1618	50.74722901
659	2172	36.02967024
660	2577	60.17408737
661	2602	68.7526969
662	111	76.90061348
663	2084	18.89393657
664	1123	2.139041237
665	1693	63.31000431
666	441	84.43789351
667	1680	64.46348035
668	3456	218.6689631
669	129	106.0072121
670	2461	2.754813713
671	2951	40.744138
672	2281	19.69525415
673	1770	90.40290642
674	3494	5.954331783
675	992	319.0942581
676	787	0.059500722
677	2199	20.71924336
678	770	1.493532113
679	2482	0.562779152
680	3058	59.96859875
681	386	249.3817355
682	2186	65.89476092
683	2411	32.66281701
685	1186	4.991167863
686	120	6.296046706
687	1124	14.95182909
688	3295	42.97897301
689	1101	7.333395056
690	818	52.62006959
691	458	54.41516609
692	674	3.576564293
693	1612	229.180652
694	830	4.9748789
695	2246	19.55578189
696	1143	0.746952154
697	3304	361.8068518
698	1644	6.005936266
699	915	21.30235354
700	2382	3.668302568
701	1049	6.273185604
702	1139	1.342389811
703	1739	493.2499788
704	813	58.09031759
705	1190	38.56143843
706	2487	6.680971583
707	923	9.375416059
708	3494	47.37997036
709	707	8.493726367
710	397	26.46219524
711	2294	23.1684379
712	903	7.400424116
713	1149	32.85555006
714	960	32.40345951
715	2944	4.016608284
716	1247	22.20418146
717	1649	15.05706953
718	509	17.40933429
719	727	39.54609813
720	3099	67.01844809
721	2296	8.218982529
722	971	18.71979635
723	1166	0.176017673
724	417	34.34889096
725	3494	1159.171986
726	745	91.25939648
727	2292	10.38524134
728	636	19.22707205
729	921	13.67749543
730	940	30.89861022
731	1884	32.11682342
732	926	20.59977214
733	3494	4.080989276
734	3452	23.23588515
735	1170	0.48044588
736	2628	12.25384419
738	3315	10.66471219
739	850	12.84258242
740	859	207.8298354
741	414	85.45841267
742	880	72.20616202
743	2181	76.98103098
744	275	7.663498505
745	961	18.95630124
746	1497	6.234784877
747	962	63.76478993
748	2743	3.315938015
749	1690	24.17383169
750	2426	30.18555681
751	2679	110.7570985
752	791	29.12943131
753	2585	19.80312953
754	849	7.743056463
755	2633	10.90775231
756	3494	28.45507079
757	123	52.68088902
758	485	15.6248883
759	3401	115.1874575
760	1092	58.78940274
761	975	12.80543491
762	3183	142.4762407
763	1196	0.419497032
764	3494	60.86242696
765	3460	79.85057968
766	1731	0.388841594
767	1071	51.79360502
768	1202	2.743900325
769	385	16.9139696
770	1661	6.232124608
771	1865	38.21109393
772	3494	2.127487642
773	1102	39.60364945
774	801	0.715659421
775	3494	9.872221365
776	1210	8.279419144
777	710	13.39230106
778	2581	45.27966549
779	1208	225.3344921
780	811	68.25031616
781	2521	23.5615122
782	671	4.016245912
783	1207	118.859903
784	763	29.53844229
785	1209	1.682027444
786	2053	277.2658284
787	812	1.172175602
788	1557	7.773429102
789	986	2.486496996
790	769	23.93592534
791	3180	53.91328068
792	2377	35.47970101
793	1021	1.267220198
794	683	0.062046416
795	726	131.5135783
796	768	4.025277566
797	2223	2.508812423
798	1087	39.38034212
799	3187	58.81095752
800	601	29.92926055
801	718	442.72894
802	991	9.829521217
803	3081	0.140418811
804	910	19.55410767
805	1584	3.511851616
806	3494	23.30105172
807	2747	45.24854609
808	699	91.08581423
809	3146	150.7451679
810	2506	10.54542372
811	946	98.71406496
812	591	20.23461893
813	948	11.59104878
814	2108	113.7862304
815	1575	4.206189119
816	3306	17.63830614
817	2391	74.62702961
818	3494	8.857771722
819	1805	37.49768741
820	1035	41.00723241
821	909	36.29697182
822	1512	27.31560423
823	930	8.500127389
824	1437	20.20575796
825	2469	0.263229859
826	1757	5.943789063
827	1702	9.000575147
828	453	89.97302853
829	2380	1.954373856
830	1156	2.285301679
832	2212	10.69219941
833	1829	11.5457794
834	2941	0.656581559
835	2676	7.319283829
836	934	14.18482409
837	2049	40.55840551
838	1098	3.99523437
839	283	16.30672744
840	3494	593.5957906
841	694	3.197825287
842	1114	29.81680345
842	1594	28.31821487
843	1339	4.582839398
844	732	12.21052404
845	3185	209.6733969
846	3408	711.3650563
847	318	4.037795254
848	982	13.85785316
849	3494	31.87790459
850	1063	30.9532912
851	579	3.030380125
852	3172	4.345865593
853	1066	7.101681769
854	2203	5.554128884
855	1140	146.9572927
856	2241	77.30513047
857	883	116.4173841
858	748	0.746836568
859	712	299.9531531
860	576	2.456224697
861	967	19.34224951
862	2358	63.6112158
863	1417	3.109215244
864	3261	74.57565595
865	1165	81.33081688
866	658	33.11470387
867	2415	10.05378867
868	479	39.2583097
869	761	157.9115243
870	762	169.7851563
871	2696	11.49065601
872	1386	2.931642587
873	3494	19.80861461
874	1086	21.87537792
875	2872	117.4896589
876	740	14.11859703
877	983	54.74969045
878	874	48.24163949
879	1992	11.10646032
880	1205	24.38134357
881	39	16.24754669
882	1112	145.7073121
883	3494	224.3875994
884	3494	3.899335327
885	2519	24.98835
886	795	139.0123638
887	2168	33.25569186
888	1203	148.749784
889	687	7.41223486
890	773	572.8140059
891	673	21.71375081
892	1009	2.143117574
893	808	19.70000004
894	3494	55.0900767
895	2650	35.91685654
896	1013	0.881244107
897	790	10.03194263
898	998	33.78924467
899	1137	314.4526672
900	529	2.373802508
901	2066	95.67039991
902	778	76.11128882
903	669	9.310529944
904	3494	7.45060127
905	689	17.11508937
906	2351	353.842752
907	2197	113.9577858
908	3494	12.24543999
909	803	21.73008321
910	1020	47.28189796
911	1122	0.082388499
912	678	1.865987322
913	597	63.29069426
914	698	14.36910879
915	709	21.39422953
916	792	141.2926942
917	845	61.72905006
918	598	6.298636763
919	676	1.057593351
920	271	44.7058521
921	1084	3.207074103
922	1467	12.17198004
923	1032	1.706647239
924	2913	8.475475541
925	2792	64.73824372
926	3494	24.5307716
927	1194	1.545927814
928	702	15.74107317
929	3128	4.79880628
930	1038	34.65099701
931	1459	25.72103568
932	1997	5.905595646
933	2880	14.29263771
934	802	25.02549219
935	448	5.041521254
936	2734	84.25252229
937	1500	82.04866985
938	2420	42.01828877
939	943	9.993060474
940	3476	75.81940473
941	1047	2.02993148
942	1235	387.762912
943	1199	92.42453523
944	2675	68.52685479
945	2383	205.016292
946	2379	6.980050249
947	2046	6.850933513
948	920	16.97024462
949	2429	28.77808728
950	886	61.11209237
951	1617	8.622647563
952	2623	57.27208206
953	2637	6.912814254
954	1069	35.0058934
955	645	36.81575739
956	621	32.87688668
957	833	9.866942852
958	2375	0.915490148
959	1176	18.28203492
960	3494	63.67746996
961	3096	101.830642
962	765	175.2753517
963	3101	10.7122616
964	1689	30.45904873
965	1464	3.207658656
966	100	1.924658724
967	2666	54.51296459
968	862	21.68821704
969	1108	8.871486423
970	408	15.91209846
971	2273	81.76887192
972	332	4.483823336
973	3494	355.6710604
974	1236	966.5356934
975	3190	11.87932035
976	870	7.950994191
977	2166	1.005146236
978	2471	0.914305046
979	1198	23.06458694
980	562	183.8088026
981	1200	193.6149571
982	1191	4.370265595
983	2289	71.87435009
985	1003	3.703914698
986	974	0.573357508
987	771	2.840495649
988	2957	7.935689305
989	2526	18.53544719
990	857	49.43891686
991	1115	4.871072758
992	1104	141.5117007
993	2271	0.363898407
994	987	47.66275172
995	1891	923.8670132
996	526	0.296719708
997	1784	3.446955633
998	1206	15.88004985
999	3417	109.6967257
1000	1110	37.08038742
1001	3494	80.35972222
1002	776	59.04171783
1003	980	2.125168407
1004	911	24.24635053
1005	1046	0.933269103
1006	981	30.59237531
1007	2785	5.226022909
1008	3171	741.3750167
1009	793	4.567488781
1010	3109	25.12541704
1011	565	53.62338177
1012	1218	0.491355317
1013	617	2.145720312
1014	1489	21.18984205
1015	398	11.18281388
1016	2183	18.4867893
1017	3494	171.3092821
1018	1018	0.314823666
1018	3494	1.430053299
1019	1745	12.26265304
1020	1045	20.99549992
1021	518	2.36939235
1022	1983	221.6532302
1023	1006	4.586197906
1024	3063	21.2002221
1025	2200	23.24129496
1026	853	0.85118406
1027	1845	23.75278445
1028	804	39.89291527
1029	820	103.3058089
1030	695	29.85578732
1031	1875	0.4997829
1032	3102	25.51553964
1033	925	0.574365417
1034	681	38.16212824
1035	1051	134.6395638
1036	2511	11.39338374
1037	2848	89.32663564
1038	704	4.290818587
1039	2099	17.69814413
1040	1564	0.144343696
1041	3494	42.54977572
1042	49	2.283141955
1043	800	27.58803743
1044	1100	8.840475422
1045	1256	70.89502679
1046	866	0.517767758
1047	914	9.710231876
1048	725	73.19213393
1049	692	3.575150506
1050	2834	13.65611443
1051	3263	281.5162572
1052	928	97.41842158
1053	1215	92.70507741
1054	599	41.03802231
1055	723	0.309121081
1056	899	50.79474183
1057	708	1.449543144
1058	2789	16.03458082
1059	1146	263.0181879
1060	2839	13.02971792
1061	728	27.86543629
1062	547	12.65906929
1063	2694	77.92220122
1064	1320	0.965428416
1065	3173	12.08663042
1066	810	11.12525115
1067	1752	12.797761
1068	3494	131.9566066
1069	662	36.25876004
1070	716	24.50666969
1071	465	81.57635369
1072	1158	2.969434035
1073	968	30.76325662
1074	954	18.43057905
1075	492	36.85840317
1076	3494	16.74685195
1077	3056	51.82369139
1078	1221	6.935386919
1079	2210	3.998202084
1080	1306	5.285174157
1081	3191	139.5556719
1082	2966	20.12438267
1083	1651	76.26755658
1084	2150	13.4167418
1085	989	182.5163397
1086	985	10.32630085
1087	1001	174.1329553
1088	611	29.85902057
1089	1240	9.257290974
1090	1040	4.031785154
1091	1065	101.3477584
1092	1022	95.54872311
1093	897	47.09197544
1094	3494	20.76312798
1095	1187	49.51999846
1096	794	0.958387259
1097	993	4.31869236
1098	2855	11.73388211
1099	409	0.261979747
1100	2198	66.55928593
1101	2999	20.16506627
1102	999	9.9063977
1103	891	5.458794975
1104	876	35.34156039
1105	3494	43.66258694
1106	3045	40.31701162
1107	918	10.30840974
1108	1786	0.567635801
1109	536	0.035078739
1110	3494	111.537342
1111	1980	101.3645117
1112	919	0.084706899
1113	3494	63.87342775
1114	842	29.81700231
1114	1114	0.905283018
1114	2170	13.65670922
1115	904	8.713786018
1116	905	7.57768984
1117	311	62.07778322
1117	487	42.66867067
1118	201	98.30928137
1119	2582	42.44642259
1120	821	7.648428493
1121	2854	25.02300324
1122	1132	0.9288246
1123	1473	3.761800718
1124	2102	81.11358208
1125	2126	15.92559859
1126	1855	1.426803226
1127	1189	332.4360354
1128	1034	105.1539242
1129	508	0.987973904
1130	1828	21.5593298
1131	3494	31.77179282
1132	1147	0.194801604
1133	1031	3.306830989
1134	3494	270.8703099
1135	898	20.23408264
1136	786	20.58263748
1137	1103	259.5056972
1138	285	140.9839955
1139	1120	8.374425467
1140	437	10.6695693
1141	714	71.51217005
1142	467	60.81047122
1143	1668	20.81256255
1144	823	31.03757409
1145	3012	62.82288624
1146	3235	107.8178954
1147	553	1.256548122
1148	2725	72.61626544
1149	3494	529.2005
1150	1954	2.315283055
1151	941	0.399008726
1152	2054	23.60731679
1153	276	4.258130056
1154	3084	12.26063179
1155	1293	8.488407846
1156	1074	28.10339293
1157	722	61.12264069
1158	620	0.612621784
1159	844	23.6015941
1160	2192	12.31547143
1161	1033	52.17391991
1162	532	32.26070561
1163	501	0.141593208
1164	654	0.492373163
1165	1446	52.88661045
1166	1971	7.1723328
1167	1211	79.66305671
1168	733	7.701303283
1169	2204	5.287526654
1170	887	20.68829423
1171	116	350.8769233
1172	781	14.87395998
1173	1150	3.265754245
1174	3494	184.3408625
1175	976	912.4870687
1176	3200	17.02650727
1177	1826	29.79287108
1178	286	43.16369775
1179	119	12.40469666
1180	20	22.89144235
1181	877	62.73982269
1182	1164	5.794923944
1183	445	6.968521521
1184	888	39.8816358
1185	861	25.88841733
1186	2117	19.47390277
1187	754	4.482698281
1188	1085	25.14814907
1189	756	15.08733318
1190	2291	308.714983
1191	1257	2.495934724
1192	2800	15.82721766
1193	1621	21.72010175
1194	2087	3.221568667
1195	2201	0.178116224
1196	1105	21.1495504
1197	2219	6.882565038
1198	3468	25.80586884
1199	901	24.65737481
1200	1095	17.73982484
1201	1096	0.050189772
1202	2359	47.58109014
1203	2114	70.66482046
1204	1429	143.8690221
1205	661	19.20728473
1206	1109	44.49732199
1207	2209	15.60327275
1208	2639	53.51734199
1209	1018	2.931034632
1209	1209	0.021787698
1210	2831	3.628364528
1211	1056	21.29755679
1212	2178	19.92691594
1213	1398	15.68731368
1214	2883	6.094251686
1215	3129	0.154193602
1216	481	173.7737953
1217	2618	74.46765096
1218	685	3.790438596
1219	91	65.30017731
1220	52	62.5928076
1221	1540	21.12014312
1222	284	26.16159436
1223	1344	122.3552181
1224	2539	17.23248176
1225	3138	71.38414722
1226	1801	1.948885439
1227	22	3.850259311
1228	1495	1506.843993
1229	1223	43.65839145
1230	2337	198.4771075
1231	1265	4.776909606
1232	514	91.5065824
1233	23	292.6737859
1234	753	61.56006641
1235	1715	664.7257471
1236	1769	462.4593657
1237	1204	9.850566301
1238	2437	60.66884833
1239	2120	26.89006868
1240	1248	8.547424182
1241	913	116.4819174
1242	1249	25.35309396
1243	1062	34.59096131
1244	1245	4.163300698
1245	3494	18.31654215
1246	1243	0.876887469
1247	1241	28.29764923
1248	1611	4.744495408
1249	1246	0.744251395
1250	2118	0.909328915
1251	3494	97.24708052
1252	1244	22.57566917
1253	1254	6.202636668
1254	1028	5.505034482
1255	1253	1.447310868
1256	869	35.50178369
1257	1563	28.83640459
1258	2799	1.568419029
1259	2399	68.35069899
1260	1873	10.9502461
1261	515	9.361004001
1262	1231	5.030527331
1263	1934	4.329652086
1264	1261	4.170818544
1265	1263	1.432297613
1266	1268	8.286812147
1267	1173	7.524286831
1268	37	5.665230444
1269	1927	8.687232948
1270	1304	3.485425512
1271	1007	11.10376232
1272	14	1.372448534
1273	3494	223.6880339
1274	3398	33.79850783
1275	1294	180.7475386
1276	3494	51.2708368
1277	2641	3.651426021
1278	192	3.709801259
1279	296	2.182340675
1280	1305	11.93744171
1281	1987	0.144282517
1282	1659	1.623931748
1283	480	0.137157635
1284	1288	2.165448605
1285	2372	0.130191434
1286	94	1.239134814
1287	133	0.708327565
1288	578	0.407463563
1289	17	41.53616424
1290	1718	2.809826749
1291	2884	17.40234843
1292	1929	6.386808091
1293	395	110.9685672
1294	1951	51.6787642
1295	1952	0.78505786
1296	1953	2.71330031
1297	1761	14.85413974
1298	1957	4.775610263
1299	1298	12.90459886
1300	2059	15.33108779
1301	1790	6.570853752
1302	1309	7.552106451
1303	1311	6.484075824
1304	419	6.890443298
1305	1314	6.599769915
1306	2011	7.486982435
1307	2862	9.732866821
1308	1302	3.485927811
1309	2030	20.12122047
1310	1080	1.096970834
1311	1388	3.943356676
1312	1763	16.26732689
1313	1319	8.553775969
1314	1958	0.284495826
1315	1280	5.337658723
1316	1842	15.20405294
1317	1316	10.79695369
1318	1064	6.082228016
1319	1471	2.56215321
1320	1315	0.54591612
1321	2474	10.32887675
1322	1321	0.784410045
1323	3026	4.807521174
1324	614	246.9057618
1325	1610	9.297177262
1326	1742	20.33065969
1327	1330	39.65293797
1328	1325	79.08130323
1329	554	17.78230144
1330	183	42.02593307
1331	1327	55.21753362
1332	1322	6.691358637
1333	1335	22.261062
1334	2575	11.60734588
1335	3494	104.0648494
1336	2416	0.659664324
1337	843	0.104630972
1338	1723	9.840591022
1339	2779	0.85175114
1340	1341	56.99156011
1341	1477	3.925403892
1342	1324	125.425889
1343	86	1.467024467
1344	1803	293.2239735
1345	2548	21.41532151
1346	1347	226.2222261
1347	1351	14.71070548
1348	1346	485.5668392
1349	3494	677.3108812
1350	1372	344.317786
1351	1350	22.83211767
1352	223	207.9810123
1353	1376	3.769003536
1354	1360	20.19610324
1355	1364	11.62486406
1356	1355	43.58448922
1357	1352	22.56483845
1358	1374	2.688930766
1359	1367	25.6059156
1360	1794	120.7030146
1361	1349	79.37130741
1362	1469	92.12615744
1363	1365	3.982605616
1364	1354	12.14278127
1365	1356	45.72032352
1366	1377	47.85082985
1367	3269	73.13209367
1368	3270	92.03196726
1369	916	179.6721191
1370	1371	14.33891047
1371	1358	30.11607383
1372	1370	3.361543992
1373	1366	49.06104301
1374	1373	12.29510081
1375	1357	16.25808301
1376	1363	43.58428939
1377	1375	31.1312421
1378	2103	0.003971539
1379	1338	4.267592023
1380	2959	0.668412805
1381	2974	1.626777549
1382	585	1.16421219
1383	468	6.630564506
1384	2407	4.709410062
1385	3367	416.3193494
1386	3469	298.6525238
1387	1403	15.25404393
1388	1490	1.682301763
1389	1899	3.773767126
1390	3419	51.55642028
1391	1289	26.76256971
1392	1292	0.580752582
1393	3376	18.10959168
1394	1945	14.84419869
1395	1300	1.446799572
1396	2907	4.052413108
1397	491	8.423035538
1398	1582	5.515957433
1399	464	0.910925487
1400	2671	2.710962437
1401	1345	21.2292237
1402	1732	1001.020538
1403	2626	46.48729238
1404	1402	11.85750637
1405	1972	8.424962762
1406	418	38.00537935
1407	1900	0.787914768
1408	2057	3.112862841
1409	3431	123.9321327
1410	1407	0.636630708
1411	3494	47.84007129
1412	1660	1.06493449
1413	766	0.393931868
1414	1413	13.96833865
1415	1414	29.48979057
1416	1415	48.04585033
1417	2995	5.69406639
1418	2332	205.0717282
1419	473	56.54674514
1420	3494	20.92815356
1421	3494	2.643137859
1422	3015	1.398445243
1423	59	31.28088749
1424	3088	2.790828968
1425	2875	10.41608498
1426	2082	13.56243701
1427	1169	5.160484224
1428	1959	0.852965771
1429	3494	68.42078528
1430	3494	5.902924343
1431	2432	10.63269897
1432	3494	472.344818
1433	3386	367.2888774
1434	856	24.81509307
1435	3455	447.7672365
1436	3494	788.9063603
1437	1654	17.64672013
1438	3494	13.81845462
1439	1014	20.89032881
1440	3086	0.917679086
1441	2580	1101.368459
1442	1462	0.039261278
1443	3010	4.324568661
1444	1454	15.45222922
1445	1472	2.159010096
1446	942	217.1193664
1447	3328	350.9550368
1448	2388	3.07906507
1449	1026	12.80434214
1450	2424	114.7550865
1451	2468	10.70856208
1453	2157	39.78177608
1454	2098	2.569484754
1455	95	1.793002758
1456	1856	33.36434579
1457	1438	20.32099426
1458	1712	0.862732025
1459	2642	35.56169911
1460	2439	3.641827336
1461	3195	73.34418675
1462	1768	0.344805856
1463	3025	2.380829555
1464	1126	0.826394678
1465	1337	0.283421057
1466	1606	67.44167603
1467	815	28.4742702
1468	109	5.065029158
1469	2950	1.588379043
1470	2610	6.63470438
1471	2919	2.495689791
1472	2026	29.6574938
1473	1577	0.309385186
1474	3494	160.1141591
1475	3142	0.380448758
1476	216	2453.499216
1477	2574	225.7409613
1478	3494	5.233433965
1479	3166	24.88765822
1480	1787	1.571561994
1481	3494	2160.450613
1483	335	9.016349737
1484	640	42.78877876
1485	3494	1368.907268
1486	3494	27.21316039
1487	1411	10.92503764
1488	3494	255.5573776
1489	3050	19.91275416
1490	1318	14.16843689
1491	1	4.718543313
1492	202	139.4546691
1493	2860	17.35793296
1494	2672	1.394293821
1495	1441	23.6225857
1496	1385	19.24152471
1497	1501	19.69053455
1498	1163	2.470954732
1499	2132	1.873703178
1500	746	32.72842068
1501	2651	57.73477641
1502	3494	5.704080497
1503	1572	1.343226175
1504	1969	188.4256161
1505	2718	6.424715435
1506	1816	49.35615402
1507	2594	104.0915832
1508	1509	10.10871149
1509	2719	76.19550757
1510	382	10.04625365
1511	2986	1.280638856
1512	1059	172.6940932
1513	1863	35.71468022
1514	2937	16.31897874
1515	2263	21.26196617
1516	2112	53.50203429
1517	444	42.93760946
1518	507	6.924370058
1519	279	21.12989743
1520	2061	9.253651838
1521	3089	1.136417076
1522	3494	2.544082298
1523	1067	14.99566784
1524	2464	31.90836844
1525	1083	75.7880872
1526	3494	38.13020992
1527	1493	14.51162297
1529	494	9.150809782
1530	2827	0.938153218
1531	2269	80.44073262
1532	1125	2.33300963
1533	1072	12.33079306
1534	2300	13.66044515
1535	2005	2.720458861
1536	1890	42.22755594
1537	1423	3.767501559
1538	2297	65.67449568
1539	1935	25.73928985
1540	2071	4.975710964
1541	411	34.64262281
1542	254	94.53710866
1543	1555	2.679188815
1544	2396	15.57041462
1545	3136	40.60770213
1547	3181	2574.963542
1548	2074	7.772468692
1549	824	44.63458379
1550	3494	17.75997843
1552	2613	44.86020892
1553	1554	20.26227713
1553	3077	17.71934715
1554	1553	20.26227713
1554	2277	15.41897784
1555	3107	179.8748065
1556	2596	15.19673523
1557	425	6.328405027
1558	2805	23.66865928
1559	1518	8.515648135
1560	2985	2.16996195
1561	495	3.284213753
1562	2571	2.820956145
1563	2101	1.764603126
1564	2840	1.713491382
1565	2735	12.59125727
1566	1932	11.09036471
1567	1587	0.894479679
1568	1796	322.0629162
1569	3177	200.6555431
1570	2325	734.0906658
1571	2993	7.580212188
1572	3494	27.1632245
1573	1974	1.612604309
1574	2164	70.55257771
1575	696	15.7412131
1576	3285	77.22362693
1577	1129	17.13713799
1579	3104	4.978143373
1580	2611	201.9186392
1581	2214	73.43333277
1582	1427	5.591682112
1583	2408	3.602178541
1584	2842	0.444210269
1585	2757	56.47605519
1586	3494	1297.617535
1587	1999	0.605214292
1588	2759	17.88368551
1589	341	546.9143433
1590	292	2.72456735
1591	3480	8.785586533
1592	1746	142.0569968
1593	2856	2.26454532
1594	842	28.31790197
1594	3494	8.169249276
1595	1099	5.132232473
1596	881	16.98412697
1597	2000	10.48806967
1598	3494	1.562565418
1599	1475	18.01013948
1600	1036	11.98103692
1601	315	55.63974631
1602	3314	27.6213341
1603	1604	28.66464299
1604	3494	789.6832365
1605	3494	399.3481607
1606	1524	89.49825913
1607	563	10.25964242
1608	1820	1.509094972
1609	2245	25.63153174
1610	3494	101.2224323
1611	1070	2.071796288
1612	1011	48.11984278
1613	3233	223.463493
1614	2264	14.28442022
1615	868	37.07205556
1616	3494	136.5314503
1617	892	0.883857012
1618	470	16.27962867
1619	3494	81.72020882
1620	3201	26.01058765
1621	1591	13.56555094
1622	128	35.98279076
1623	2549	15.09054009
1624	3033	11.37392261
1625	2517	12.49662848
1626	3494	101.2745098
1627	837	1.767178797
1628	1607	2.289517442
1629	3494	1.513485002
1630	1629	11.73200046
1631	2419	80.05248722
1632	2378	61.86158036
1633	1404	20.23963362
1634	2540	139.3924766
1635	1721	43.54458726
1636	1635	31.075818
1637	455	95.11587483
1638	2452	5.478660178
1639	2295	62.72767373
1640	3494	772.7481404
1641	577	10.99300166
1642	2525	0.502910011
1643	965	3.455768341
1644	3019	1.231914458
1645	3494	21.29858859
1646	3140	21.01794198
1647	1097	1.159639937
1648	3002	88.37983538
1649	854	0.570454944
1650	1788	134.6046389
1651	788	10.78224157
1653	2895	4.094764873
1654	638	59.2240144
1655	827	0.728868171
1656	1138	19.25355327
1657	2522	49.65729209
1658	53	115.5598721
1659	2961	4.265944019
1660	2817	59.03050709
1661	1841	2.666538955
1663	2394	3.505635435
1664	1633	37.19383509
1665	137	138.4863134
1666	2853	2.506077177
1667	807	35.72726148
1668	706	33.32555808
1669	2002	5.842508175
1670	799	162.8675759
1671	3100	26.65181206
1672	2306	707.954806
1673	537	523.7191812
1674	656	2.191980586
1675	2454	2.037964538
1676	2697	50.04739185
1677	2558	1.12736799
1678	583	0.532018242
1679	2076	2.137306528
1680	953	17.11003805
1681	213	677.6717762
1682	1465	1.083593055
1683	3494	64.60816643
1684	1835	283.5920618
1685	700	5.087334381
1686	502	20.68439169
1687	189	19.24392525
1688	665	120.9562376
1689	1688	11.32898209
1690	427	37.21796119
1691	964	68.60674958
1692	2625	179.7590545
1693	1692	8.484420278
1694	1685	13.55155774
1695	162	132.2742025
1696	404	130.2668242
1697	2003	6.599632139
1698	935	20.29387344
1699	1082	35.0919834
1700	969	2.535655513
1701	2736	84.47469709
1702	1042	0.589230049
1703	3494	38.33488738
1704	2894	30.02147697
1705	1044	15.08281386
1706	3127	31.64867983
1707	3494	11.33346485
1708	1389	65.14678882
1709	1539	5.055847332
1710	9	23.20390437
1711	148	9.984680468
1712	1711	11.69568421
1713	1581	15.42530226
1714	146	1.580281599
1715	215	1734.002501
1716	3494	175.9608959
1717	2648	5.937707659
1718	1707	2.872719496
1719	1710	3.066963938
1720	1719	0.395318148
1721	1720	2.483617968
1722	1458	4.940407077
1723	2105	2.005551164
1724	2493	41.91293819
1725	2529	17.14593079
1726	27	136.0325356
1727	1593	2.29953433
1728	171	372.9862695
1729	524	64.56812182
1730	63	12.19733218
1731	863	3.00888563
1732	1568	1206.630386
1733	651	1.860650906
1734	1332	18.33233042
1735	2381	3.558359153
1736	1737	2.955162224
1737	1608	5.19133163
1738	1529	10.61064577
1739	822	38.81125603
1740	664	0.042694655
1741	160	29.12709897
1742	1331	74.04021482
1743	1767	1.168166411
1744	2145	89.80560022
1745	1148	48.85578141
1746	163	0.653214195
1747	2354	140.5971667
1748	3287	3.03756478
1749	2083	5.689623159
1750	2063	11.74748861
1751	375	50.61091324
1752	2207	15.256135
1753	809	243.7666275
1754	2316	22.36445285
1755	2948	20.0079182
1756	2072	84.63274818
1757	3029	5.60171126
1758	2110	153.8564443
1759	3494	11.93343741
1760	1990	118.7444312
1761	1947	1.747719971
1762	1521	0.040276166
1763	1956	1.598752293
1764	1412	14.46607531
1765	2154	1.132944958
1766	3014	3.609795026
1767	2184	2.313213046
1768	2458	4.349187678
1769	3494	690.9283654
1770	2122	279.8710589
1771	1511	0.559711559
1772	1627	18.50437611
1773	1939	68.11064789
1774	1775	0.454133824
1775	3494	272.3288336
1776	988	15.45770677
1777	2449	4.413311667
1778	2823	0.112763358
1779	1777	11.37347732
1780	2215	103.9939478
1781	3494	164.3199594
1782	2502	33.09085553
1783	1995	1.916139386
1784	1678	1.972249368
1785	3294	44.06494322
1786	997	0.439634731
1787	2570	1.952402464
1788	380	50.00950352
1789	1897	23.98976511
1790	1297	2.771611672
1791	2874	1.720146262
1792	3043	2.749153609
1793	1491	40.4169647
1794	3357	1720.271285
1795	865	276.6283303
1796	3001	8.238243051
1797	220	0.202836803
1798	78	69.88716272
1799	249	28.30857505
1800	3494	98.19815612
1801	1225	2.653176066
1802	3494	239.5461187
1803	1843	972.5180722
1804	3494	19.5040703
1805	3494	408.4403094
1806	250	17.82184428
1807	1228	361.9527001
1808	1157	49.08653329
1809	3494	37.98072792
1810	646	0.229842887
1811	2286	8.172944898
1812	2155	6.157599356
1813	2265	0.742215328
1814	1913	179.0646669
1815	882	102.2874352
1816	3004	37.95960066
1817	2465	73.26587585
1818	2173	141.8002353
1819	3494	24.04643046
1820	2313	1.052978114
1821	2745	107.318451
1822	323	68.03349536
1823	543	55.51583585
1823	3494	37.79586842
1824	1968	2542.14183
1825	3494	1195.13687
1826	944	48.66361369
1827	2798	2.181662573
1828	1027	4.003835124
1829	879	25.33102211
1830	607	50.12408868
1831	3479	16.77296549
1832	1864	1.366224444
1833	482	1.597429557
1834	3380	101.0053982
1835	3494	63.62101279
1836	3494	4.854986663
1837	2771	15.6649278
1838	2051	256.5148565
1839	3218	8.002941749
1840	922	1.081888586
1841	2510	1.808240127
1842	1312	0.907075721
1843	3135	38.00491002
1844	1700	4.045541672
1845	1019	52.94334816
1846	1004	1.770164019
1847	2130	19.08604878
1848	1832	1.229346936
1849	1852	5.429016691
1850	2124	26.71464664
1851	1850	0.386833532
1852	1866	5.348213184
1853	2169	214.4278194
1854	2947	39.33372413
1855	2428	5.980527441
1856	3150	81.14517296
1857	1233	2.071455044
1858	1880	188.6024471
1859	1858	47.22518903
1860	3494	1017.489266
1861	1153	2.420643077
1862	3155	779.4428943
1863	2045	2.637412718
1864	3433	395.193224
1865	1851	1.711469569
1866	2837	1.675428146
1867	1579	23.2485852
1868	2496	2.050321934
1869	1275	7.673207074
1870	2829	532.8438357
1871	3494	9.20739412
1872	2828	15.42391228
1873	1392	44.55733107
1874	3494	25.70556709
1875	1874	26.33328617
1876	3494	24.76920048
1877	2299	163.1532743
1878	1806	26.55207982
1879	247	5.762853408
1880	3494	556.6546406
1881	1393	197.3435966
1882	3342	282.2450618
1883	3313	423.1259361
1884	2234	73.92725841
1885	1988	24.55661775
1886	2137	24.48529165
1887	3412	0.380234927
1888	3362	81.75283621
1889	1260	431.1033602
1889	3494	366.6513918
1890	1708	60.46450355
1891	3093	233.99839
1892	44	0.867399883
1893	1901	35.85551588
1894	1903	134.38689
1895	3053	182.8561643
1896	1789	9.449183598
1897	2032	2.190491139
1898	2512	28.34788918
1899	1962	0.191386174
1900	2283	10.285442
1901	3289	49.7623134
1902	2225	1.01910183
1903	496	18.19921847
1904	3494	63.94333486
1905	1898	33.90675498
1906	463	1.400687257
1907	2802	14.14651576
1908	233	69.75795072
1909	3494	13.46437443
1910	1918	47.8368904
1911	3494	16.55178103
1912	3072	7.230175501
1913	3395	737.138626
1914	1965	9.212877825
1915	1916	30.77260826
1916	1917	34.77741453
1917	1749	13.6953034
1918	221	12.39437351
1919	3494	8.598604802
1920	2113	21.81682333
1921	1514	19.09793959
1922	407	37.94863969
1923	1950	23.9483385
1924	1397	6.49619629
1925	1924	6.199684384
1926	2079	15.40611392
1927	1271	16.13516411
1928	1258	5.051023281
1929	1291	17.97405614
1930	3244	3.877912209
1931	1566	16.73063731
1932	1933	27.54794397
1933	606	322.5438702
1934	1264	7.774034007
1935	110	9.774309504
1936	1937	20.79564104
1937	25	85.12851769
1938	1930	31.71367211
1939	2538	20.45379614
1940	3494	13.56972521
1941	2279	16.12623607
1942	1938	30.50273876
1943	936	11.59331033
1944	1773	143.9002028
1945	1946	24.04936089
1946	1295	1.674586773
1947	2997	11.79173061
1948	1299	24.39926136
1949	2926	1.525785576
1950	1266	2.473633861
1951	500	6.21310223
1952	1296	21.56845635
1953	2527	2.444397307
1954	1725	3.219585874
1955	1307	3.59230449
1956	1303	3.040138988
1957	1308	6.21669051
1958	1313	8.452769999
1959	2923	2.51480585
1960	1396	0.6579161
1961	1384	1.09107633
1962	1709	21.87814547
1963	2205	3.233959771
1964	367	4129.475789
1965	1909	40.13500629
1966	1212	37.16331082
1967	2686	21.9797392
1968	3020	422.0454249
1969	3494	59.03863254
1970	1106	34.07787911
1971	321	0.320277634
1972	1817	0.759313599
1973	3300	4.00820528
1974	3087	5.350613817
1975	424	5.714246485
1976	819	317.3007886
1977	677	4.253080232
1978	1224	82.10492938
1979	2968	0.149934305
1980	1457	137.279037
1981	3494	49.52373246
1982	432	13.0544811
1983	2257	24.04059938
1984	2338	31.16027295
1985	2160	52.40114833
1986	2916	18.41541487
1987	2912	0.250591136
1988	2520	1.282122377
1989	3048	21.27539009
1990	1526	36.62031396
1991	2038	3.67702339
1992	619	4.903551553
1993	564	8.439702348
1994	1565	26.41271852
1995	1408	0.471749597
1996	3494	3280.045704
1997	534	40.70493798
1998	2293	40.21463645
1999	2414	2.204234374
2000	2374	19.18553107
2001	1527	2.032352187
2002	3494	14.94021745
2003	828	183.079085
2004	3363	76.3882594
2005	1079	25.96311573
2006	1677	4.16841265
2007	241	36.31642208
2008	2436	0.193965112
2009	1468	16.30418671
2010	1487	10.13987584
2011	1955	0.943051354
2012	600	37.86338522
2013	2994	19.00770022
2014	2830	56.594508
2015	2695	38.06664876
2016	560	48.88694558
2017	3028	0.639015165
2018	1807	669.7430466
2019	2556	0.564215766
2020	2560	0.56141657
2021	3494	150.8910996
2022	2622	96.62361419
2023	2563	4.559345133
2024	2088	6.104378155
2025	1440	0.579490969
2026	3005	4.697277774
2027	3494	114.9908169
2028	2406	72.94845562
2029	1658	11.15898465
2030	1395	1.491526177
2031	1567	5.749328804
2032	1886	34.29161208
2033	331	84.68482345
2034	3035	32.28331184
2035	2034	10.50193541
2036	1091	439.7763355
2037	2017	2.992349592
2038	2001	0.352704869
2039	2040	6.880330729
2040	90	24.53407103
2041	1871	4.604444494
2042	317	81.54314435
2043	2565	1.748966578
2044	2035	18.43526966
2045	257	44.13031907
2046	1498	2.940915556
2047	1406	42.11376152
2048	3069	63.96344204
2049	1050	0.012835985
2050	2536	10.87788615
2051	1824	382.8086454
2052	2881	54.01266391
2053	840	400.5675989
2054	2303	10.95639589
2055	2814	15.37888382
2056	2617	7.2288683
2057	472	5.808575345
2058	2425	0.673848727
2059	1310	5.83629596
2060	3489	2427.54679
2061	1764	4.303476948
2062	1902	18.60237888
2063	2450	5.939654469
2064	2068	3.3479892
2065	582	25.72408688
2066	1748	379.5845081
2067	1963	0.708701061
2068	1188	81.03051909
2069	2459	1.249136089
2070	339	57.75709182
2071	1674	2.551808061
2072	2795	28.815947
2073	260	0.942485434
2074	609	24.09243593
2075	446	77.2035129
2076	205	0.800806596
2077	2226	2.599239846
2078	3376	62.03599242
2079	1605	82.49011113
2080	1989	75.27130207
2081	1726	55.90370401
2082	3016	1.595265114
2083	165	6.646541773
2084	416	21.78233121
2085	789	1390.201558
2086	1506	94.90319707
2087	1977	10.78832906
2088	1872	15.82924827
2089	2541	23.90902871
2090	2093	37.42187179
2091	2096	70.92373214
2092	2094	8.763247624
2093	2092	2.624600076
2094	2091	31.37409734
2095	2090	92.09130689
2096	3377	651.4097867
2097	1455	37.70258757
2098	3024	8.48222426
2099	635	41.00173053
2100	2187	37.52742648
2101	758	60.0324453
2102	1686	30.48311576
2103	1548	0.180332798
2104	1798	5.174794429
2105	2151	3.177525443
2106	693	306.5638238
2107	1024	17.97191809
2108	2744	6.453405029
2109	630	18.75905002
2110	1592	177.5363399
2111	835	59.93127337
2112	3098	0.371785314
2113	1401	23.77014328
2114	878	12.58192989
2115	2533	12.58783493
2116	634	19.20062793
2117	847	6.68440934
2118	1242	6.783551107
2119	556	86.43669767
2120	755	9.893425083
2121	2252	25.68572693
2122	1081	57.84455927
2123	478	1.079518866
2124	484	4.452545706
2125	1492	100.0604135
2126	652	5.396954744
2127	751	117.8454482
2129	3494	5.858479995
2130	2129	14.02629104
2131	2390	0.772419236
2132	2131	2.633498392
2133	2134	7.730181145
2134	2135	6.139009784
2135	57	345.3173711
2136	2397	3.650406706
2137	1894	23.94791623
2138	195	222.5933406
2139	1671	62.81263883
2140	3494	55.18543139
2141	3494	70.75500121
2142	594	64.46900902
2143	2147	2.893527107
2144	2149	21.65531634
2145	3494	80.80973926
2146	2143	3.892101641
2147	2148	125.526348
2148	3013	117.834327
2149	210	5.837212531
2150	1060	1.636469192
2151	623	8.562978462
2152	2167	456.7399323
2153	2579	337.2133172
2154	2566	0.968640962
2155	1562	0.622218035
2156	1920	48.59199408
2157	2158	0.176072283
2158	3219	9.531246175
2159	1818	30.76262578
2160	2259	57.6613317
2161	1184	22.04319491
2162	2573	140.622121
2163	1609	68.99343541
2164	3494	1397.601897
2165	977	0.503679653
2166	2492	17.41585466
2168	2368	4.413834024
2169	1025	78.93881972
2170	1597	16.71138042
2171	1030	32.25626601
2172	1470	2.953698031
2173	3051	27.57499532
2174	252	10.14681163
2175	1878	3.301749614
2176	2638	12.10373581
2177	310	78.15265021
2178	1535	53.68909254
2179	2163	17.61831043
2180	959	227.7853721
2181	2243	4.473937344
2182	760	82.07410075
2183	906	14.44597923
2184	2287	12.39006225
2185	3494	39.52735962
2186	917	11.46462948
2187	3078	40.7635251
2188	3336	14.60320114
2189	2268	52.77960778
2190	2247	62.48376852
2190	2290	61.44351549
2191	1016	163.3819023
2192	743	69.71187908
2193	2230	103.3619146
2194	2649	11.46602519
2195	2222	17.28767338
2196	2260	63.23017497
2197	2251	46.58040547
2198	2165	8.990018888
2199	97	13.78648236
2200	1687	34.49883391
2201	958	3.518561904
2202	2232	7.572629593
2203	744	3.78065686
2204	1813	46.08765388
2205	717	3.223337594
2206	1534	8.325464426
2207	2318	0.336515061
2208	2258	72.63925284
2209	2714	31.19517794
2210	1811	4.417488488
2211	963	17.52885088
2212	2180	34.43536948
2213	3494	22.28258046
2214	1520	0.38329192
2215	672	151.1928966
2216	311	66.05578458
2216	2278	18.35334779
2217	2722	40.32671835
2217	3077	15.43469765
2218	3119	46.58301604
2219	2194	1.783575634
2220	1340	158.7376684
2221	2248	16.14866308
2222	2250	15.71899528
2223	912	0.78558069
2224	2605	2.696074135
2225	256	1.390907869
2226	1614	5.264369992
2227	3037	68.2137253
2228	342	96.72498542
2229	2285	57.93687582
2230	3494	95.96534546
2231	3494	336.3218514
2232	2624	345.2894733
2233	3494	416.0765951
2234	1545	10.32059252
2235	2242	67.0780556
2236	2235	13.05756094
2237	2413	13.33958674
2238	253	1.895536523
2239	1912	19.3643045
2240	10	51.66516462
2241	3457	153.7417738
2242	2237	1.756368486
2243	1197	82.64173493
2244	2182	52.75360682
2245	435	22.71009052
2246	1232	54.57684667
2247	2190	62.48376852
2247	2249	112.8822146
2248	2220	0.785731916
2249	2247	112.8822146
2249	3494	507.4409697
2250	3494	36.64736843
2251	2603	33.72046681
2252	433	4.157531553
2253	1005	4.878292494
2254	3264	301.841809
2255	1451	51.83845561
2256	166	17.08772124
2257	164	352.01825
2258	783	142.7844299
2259	1857	91.03803229
2260	2231	30.01812676
2261	929	4.340710791
2262	3085	33.66669586
2263	3149	85.25386076
2264	2346	21.91987184
2265	1041	3.683680569
2266	2275	1009.507927
2267	204	14.50003897
2268	333	450.5657627
2269	2845	76.95651422
2270	1653	6.965537392
2271	667	10.50475566
2272	3494	33.13015861
2273	1181	18.2823402
2274	2174	0.197467571
2275	3341	526.761876
2276	3494	149.8202447
2277	312	2.069390288
2277	1554	15.41897784
2278	312	0.242629812
2278	2216	18.35334779
2279	1967	9.864530133
2280	3333	36.62969007
2281	2189	22.55267073
2282	2290	29.66401898
2282	2722	3.596471286
2283	1879	0.454282689
2284	1833	80.19428209
2285	3494	77.0821368
2286	867	12.56760809
2287	2185	6.073512906
2288	1133	6.712815941
2289	516	18.74344977
2290	2190	61.44351549
2290	2282	29.66401898
2291	719	7.425747309
2292	1998	15.38086895
2293	711	31.72410318
2294	1234	133.3073105
2295	721	9.164539816
2296	1230	28.96212376
2297	1819	72.61597447
2298	3494	169.1883245
2299	2537	0.378687405
2300	267	2.464294807
2301	2434	8.241154883
2302	2604	2.92685877
2303	933	4.372881192
2304	3494	96.70622592
2305	2304	21.46465625
2306	2305	27.07623758
2307	2308	2.570779667
2308	105	122.1616033
2309	2307	15.58487889
2310	2116	91.99811836
2311	3267	1247.62595
2312	1359	84.64768607
2313	3494	6.551018358
2314	245	13.96628778
2315	3052	21.97919935
2316	2055	12.70625583
2317	3021	0.476792036
2318	270	0.337136982
2319	269	1.624175258
2320	266	6.417559433
2321	40	38.26692421
2322	2321	11.00012926
2323	2322	6.020179021
2324	1426	29.5269744
2325	2326	962.5508038
2326	2328	125.7118289
2327	1601	2.562883155
2328	2327	21.80301515
2329	3494	1725.199037
2330	1418	173.3856477
2331	2323	407.3523025
2332	2763	172.4466451
2333	2331	132.7345255
2334	1728	328.4949417
2335	1523	19.30743269
2336	3066	59.56044364
2337	3494	45.11868742
2338	3008	1.713427743
2339	3494	34.78250682
2340	2021	46.25411687
2342	784	98.97986158
2343	1679	1.103986307
2344	2089	1.76083764
2345	2238	7.119225775
2346	1991	16.67605015
2347	2447	0.540825257
2348	3494	30.94946145
2349	2350	0.526395693
2350	2363	443.0618587
2351	3400	168.5830655
2352	3126	0.663240843
2353	2352	5.627105331
2354	2774	635.4419177
2355	2218	50.58215247
2356	2357	2.039105241
2357	3124	10.96366011
2358	2678	21.31166509
2359	2111	211.0166095
2360	796	74.48837325
2361	338	31.35945385
2362	2361	72.73593314
2363	2362	7.92562959
2364	3494	234.9808968
2365	2366	2.287090156
2366	3113	68.25292854
2367	1940	180.5863044
2368	927	1.863450959
2369	2370	83.09166385
2370	2367	64.13128129
2371	2668	26.47778466
2372	1379	0.521879788
2374	2484	42.46413153
2375	1625	2.509266055
2376	3494	56.13584927
2377	1753	27.33693891
2378	2812	22.22906771
2379	749	24.39762575
2380	1943	11.28521978
2381	625	3.308513467
2382	1684	33.98707833
2383	2384	85.37489404
2384	798	5.586215525
2385	648	14.65040366
2386	670	10.10648007
2387	637	6.220703997
2388	1544	8.056906306
2389	3494	274.1542216
2390	2782	60.45450573
2391	1821	119.6339386
2392	2865	1.329669529
2393	1975	14.24178786
2394	2444	3.446876727
2395	2485	5.777325629
2396	2775	4.026151848
2397	2545	338.3528988
2398	2400	19.66280563
2399	2398	32.02919921
2400	1238	4.125531857
2401	1928	9.285198902
2402	400	6.754192056
2403	402	5.470999303
2404	2007	9.229664695
2405	1574	7.331815261
2406	1993	18.4514605
2407	2943	1.217233664
2408	1442	1.033745208
2409	1628	47.38425894
2410	860	14.59380662
2411	2662	125.5508937
2412	851	0.254974116
2413	2844	27.94000067
2414	2412	0.031839003
2415	2409	31.12374135
2416	450	5.457978768
2417	3332	21.42575214
2418	528	0.804477223
2419	2022	8.886146602
2420	2427	46.43744208
2421	1781	59.88424038
2422	3494	10.04908691
2424	1061	100.4390351
2425	2587	0.093026337
2426	949	10.43489867
2427	1600	37.01642387
2428	1090	3.857838563
2429	1667	12.03920023
2430	519	3.328831041
2431	3494	74.90977814
2432	2942	1.561165194
2433	428	120.2632365
2434	2227	39.05532343
2435	540	2.378935166
2436	2568	1.498927835
2437	2401	14.54245701
2438	3494	14.97411124
2439	2882	2.711594933
2440	3227	32.46221601
2441	2687	72.71385315
2442	937	120.9384762
2443	1416	19.68253942
2444	2445	2.072233049
2445	2065	69.11842452
2446	278	4.237383593
2447	2990	0.208959178
2448	2043	0.533030669
2449	1778	4.157989717
2450	1970	2.752667344
2451	3079	1.149046399
2452	1792	1.7147647
2453	1797	2.947724306
2454	2453	0.137098123
2455	2347	0.336958781
2456	2553	4.353089185
2457	1399	1.642698317
2458	3067	1.790750891
2459	2020	0.992512213
2460	1675	0.631328715
2461	16	2.821793928
2462	1978	553.3114279
2463	1716	98.08243638
2464	2593	133.0320775
2465	1448	12.61936954
2466	947	23.47620833
2467	1155	106.0666433
2468	1808	164.6281863
2469	1682	0.012633292
2470	1783	0.245789496
2471	2509	2.442194399
2472	797	4.50384593
2473	38	12.02580187
2474	3097	6.172491953
2475	447	15.31652472
2476	2980	2.312295533
2477	4	2.0759239
2478	2490	7.493915093
2479	2478	0.367962701
2480	2516	23.53227019
2481	2629	13.07480159
2482	2483	0.685649768
2483	757	33.38147819
2484	1195	26.16329016
2485	2988	8.996532715
2486	1631	13.52570236
2487	1822	0.224823098
2488	2276	210.8782482
2489	3494	9.493869564
2490	3494	5.892264718
2491	938	27.43782169
2492	1810	27.54806265
2493	2480	4.958073574
2494	1793	34.36667411
2495	1516	0.300271454
2496	1334	4.436102359
2497	3299	3.559829635
2498	3494	86.01038801
2499	3494	26.25086107
2500	3312	95.12932527
2501	1727	3.331538107
2502	1844	8.38666795
2503	2614	5.669011893
2504	1182	2.413040838
2505	559	2.875799783
2506	1733	0.738831489
2507	1834	398.1975101
2508	814	30.89338882
2509	2473	49.78314004
2510	2387	0.171523384
2511	1616	42.02090294
2512	1887	5.255690758
2513	1882	415.0073122
2514	2513	2.613935556
2515	2188	40.16489302
2516	2466	10.20867707
2517	589	3.250171379
2518	2981	1.991153934
2519	1696	32.57666535
2520	1216	5.938689156
2521	686	8.97260949
2522	1883	231.9479669
2523	2787	27.06823334
2524	3034	4.153492054
2525	3042	5.179281068
2526	1434	84.71126621
2527	1301	3.156075262
2528	2567	2.464121713
2529	1948	11.17216615
2530	429	30.29124035
2531	3115	175.0259767
2532	1765	1.85964615
2533	1981	77.76936564
2534	2448	1.402317553
2535	3139	15.68950107
2536	124	5.864623571
2537	1849	18.79885994
2538	1942	10.45697036
2539	3343	623.6412947
2540	2280	11.70494998
2541	2115	5.690865325
2542	3494	106.3153092
2543	2815	159.2641522
2544	3345	1359.268783
2545	1570	145.0518556
2546	596	11.55834335
2548	462	50.54238293
2549	1517	3.452930043
2550	3494	379.4273557
2551	2723	2.616603947
2552	2564	1.884036196
2553	2023	0.627786383
2554	1766	2.075782027
2555	2552	4.069920844
2556	3041	3.608110783
2557	2455	2.202395484
2558	2460	1.386337537
2559	1791	3.176612775
2560	1480	1.079437621
2561	1812	3.826401549
2562	2456	2.454195119
2563	1443	2.261966953
2564	2314	19.56631095
2565	2528	1.334905314
2566	2557	3.39704921
2567	1638	0.112967143
2568	2532	9.362859027
2569	1460	0.975974093
2570	2559	3.66069001
2571	2069	5.310965858
2572	2561	6.748404528
2573	939	29.89762988
2574	2193	14.46151509
2575	422	6.382317554
2576	1867	335.5489799
2577	2495	14.71483947
2578	632	1.650592104
2579	1409	14.65023744
2580	1802	579.5245211
2581	841	4.738595176
2582	1729	179.1559355
2583	1580	83.62667128
2584	3202	15.46878847
2585	1639	98.86814677
2586	99	4.717366144
2587	825	1.301415283
2588	834	3.909711874
2589	2588	0.952692587
2590	1145	195.2376263
2591	1908	28.7280476
2592	232	12.44082131
2593	1799	116.194436
2594	33	196.2351941
2595	43	6.743510541
2596	2851	1.69608373
2597	2598	1.675790373
2598	334	20.32216581
2599	2016	25.57611677
2600	2597	9.931445051
2601	3291	37.87202829
2602	3134	92.68867555
2603	894	117.2271357
2604	1642	6.036931784
2605	1754	11.6719236
2606	1336	1.752514116
2607	2600	7.446959263
2608	1552	26.1248227
2609	1525	54.79258716
2610	3494	66.80633745
2611	3494	38.64827648
2612	3375	168.245714
2613	1630	20.41022807
2614	2530	7.742229258
2615	3338	279.0951819
2616	2104	1.771756087
2617	358	17.87788371
2618	3319	36.51445312
2619	3494	87.5511278
2620	3295	64.18694811
2621	1632	81.06558097
2622	2621	6.821655327
2623	1966	46.04584286
2624	2171	5.676118255
2625	1127	311.2671275
2626	2343	1.654117259
2627	2423	81.39153691
2628	2386	51.48002211
2629	679	2.473024778
2630	2663	44.40867939
2631	752	831.811299
2632	2631	89.13528703
2633	2176	11.03844824
2634	1161	21.53887465
2636	1559	12.00863356
2637	413	13.28167184
2638	3407	123.9314685
2639	1017	6.915851884
2640	2012	126.4417955
2641	580	0.119065013
2642	2643	3.752331378
2643	590	70.02402163
2644	289	31.62761066
2645	2514	584.9634684
2646	117	54.75043477
2647	3494	1186.461336
2648	1445	15.42143776
2649	2657	3.444142173
2650	902	59.37870994
2651	895	59.89698017
2656	305	44.21501359
2657	3494	88.99143154
2658	2673	22.10345998
2659	3337	221.3612811
2660	2661	22.00863609
2661	3091	2.629348051
2662	2704	4.630656594
2663	2664	59.40138398
2664	3205	54.77973961
2665	1645	6.272235262
2666	3036	99.95471924
2667	1741	9.656572667
2668	2781	21.6533987
2669	2670	13.08446601
2670	1494	1.026129346
2671	2754	4.959801763
2672	1400	26.1803228
2673	3494	109.4007972
2674	893	306.7248832
2675	2360	81.76218275
2676	777	128.8353644
2677	2440	43.56241733
2678	505	51.40913346
2679	666	26.71747145
2680	3494	210.4852832
2681	3494	4.241172743
2682	2681	7.108300185
2683	2684	11.82632441
2684	3494	5.743228196
2685	3494	17.76477931
2686	2441	3.105718806
2687	2010	6.949560542
2688	3327	599.9390479
2689	1637	67.68190487
2690	1756	3.364067561
2691	1697	42.6099774
2692	3458	218.6136576
2693	313	29.43184003
2694	889	0.648995474
2695	690	36.6101453
2696	1012	13.17016058
2697	517	27.59884318
2698	2619	11.82354202
2699	3296	6.479984622
2700	2119	6.267971382
2701	2700	0.785239377
2702	2690	143.9978831
2703	3391	13.40189357
2704	3000	106.652445
2705	403	87.13800919
2706	1508	110.0058814
2707	2706	34.34056181
2708	2707	3.225623287
2709	3220	114.8984534
2710	2709	0.196164719
2711	2710	10.4673162
2712	2711	2.00670551
2713	2052	120.9495584
2714	2177	13.28160312
2715	320	335.1327846
2716	15	38.1833444
2717	2716	58.75519563
2718	2717	2.806381696
2719	2720	2.802776631
2720	1505	16.8210396
2721	890	1.689994121
2722	2217	40.32671835
2722	2282	3.596471286
2723	243	22.88695624
2724	2790	30.72026612
2725	2726	4.935156472
2726	65	3.669564067
2727	3494	4.723378402
2728	244	30.48027739
2729	3381	181.0456729
2730	1665	22.61584724
2731	235	147.9256033
2732	361	17.56696838
2733	1870	5.917594942
2734	3133	31.6618907
2735	1561	5.872119982
2736	2733	42.00338355
2737	1699	22.78341084
2738	2807	3.721321791
2739	2746	79.4115907
2740	2739	8.54706175
2741	2879	17.09319296
2742	1648	142.9945696
2743	3339	534.2280758
2744	1549	2.001396025
2745	1142	434.4798344
2746	2824	11.09137044
2747	1116	19.89442867
2748	1273	48.16954902
2749	3494	36.54783193
2750	2708	21.61911721
2751	3494	76.94268467
2752	3297	19.95428988
2753	3157	19.70751598
2754	1738	0.76995393
2755	1499	16.30884154
2756	2758	19.95588632
2757	2036	0.063690079
2758	1172	16.24916484
2759	3131	91.58892364
2760	3271	10.74274148
2761	2741	17.61328646
2762	1488	107.0636486
2763	2311	224.6719249
2765	2058	0.497253085
2766	703	226.471157
2767	93	3.513912269
2768	1528	2565.889165
2769	503	10.97027517
2770	19	740.2272943
2771	2773	62.33713415
2772	1837	34.62154428
2773	2770	18.14646126
2774	3439	268.0264501
2775	2871	37.79224176
2776	240	1510.789669
2777	2742	64.1554579
2778	896	7.246507041
2779	1431	2.008326549
2780	759	150.4457968
2781	932	16.16533588
2782	2715	110.0326372
2783	2810	62.71566691
2784	466	12.3164769
2785	1925	12.48320088
2786	1279	2.189203889
2787	2760	38.90083319
2788	2050	4.974028427
2789	2224	28.32885139
2790	246	24.89910597
2791	2451	0.308814146
2792	3346	8.897198472
2793	2659	151.8337164
2794	3494	72.95823719
2795	2689	5.230256716
2796	3143	304.7284098
2797	1941	42.71098578
2798	2438	6.817427047
2799	2324	25.43416933
2800	973	32.74116029
2801	1590	20.320938
2802	2989	21.1924835
2803	2175	0.904213645
2804	1010	6.762815413
2805	2027	156.857486
2806	1053	1.230845313
2807	2858	9.052512944
2808	3294	68.38481069
2809	2554	0.505563755
2810	264	3.842842507
2811	539	18.52170002
2812	2740	14.0898703
2813	1994	16.80820575
2814	2056	6.596123459
2815	31	25.2156725
2816	26	151.1496027
2817	1519	35.30600289
2818	2984	1.762242594
2819	826	28.64483083
2820	2025	1.454834184
2821	3017	20.42421712
2822	336	15.44375437
2823	2009	20.18446147
2824	3106	14.74624901
2825	426	118.625169
2826	2873	34.26188234
2827	1599	12.66156032
2828	2044	4.308153956
2829	2078	100.092855
2830	767	27.25468375
2831	631	0.847230385
2832	2729	310.0384027
2833	2302	2.530188386
2834	1560	12.61603065
2835	499	0.785584742
2836	2769	3.662663064
2837	2298	11.61286991
2838	3341	377.8307516
2839	736	9.216616048
2840	1283	0.083579055
2841	2732	0.337302406
2842	3130	10.21134906
2843	1449	16.37287216
2844	255	23.09724573
2845	907	132.1225023
2846	3347	11.9602663
2847	1422	4.286295977
2848	1666	5.96832926
2849	2973	3.683825434
2850	3201	5.498748555
2851	3374	223.9102244
2852	3494	8.045189224
2853	1647	23.33409875
2854	2852	6.099706238
2855	2859	29.05134669
2856	1154	15.16786252
2857	626	40.69936411
2858	1705	27.12583127
2859	2738	0.842057013
2860	3057	0.891727992
2861	24	22.74614956
2862	1317	9.105253634
2863	3039	5.460999031
2864	1054	5.135485436
2865	2524	8.471702787
2866	2788	12.83454736
2867	1077	1.385464748
2868	2159	75.62897057
2869	2833	1.805065805
2870	3009	187.5651848
2871	1556	53.38819004
2872	3494	95.95476884
2873	1750	3.881744829
2874	2569	3.075463368
2875	3031	1.17749221
2876	1057	5.457415037
2877	1961	13.92904725
2878	2284	72.84335546
2879	2179	43.6589702
2880	3018	1.984320004
2881	2712	48.02160416
2882	1762	0.270558766
2883	2869	0.179966798
2884	2024	13.29679952
2885	3022	5.964986645
2886	3312	222.5598526
2887	3054	11.83940014
2888	36	60.5539285
2889	1428	1.718933477
2890	2920	1.385236077
2891	2902	12.50574856
2892	2270	8.813740014
2893	2896	0.026048447
2894	2595	0.406883642
2895	187	3.529499344
2896	2891	4.231308646
2897	2893	1.023354877
2898	2900	7.685426402
2899	2901	4.432164066
2900	1704	68.66615254
2901	2898	8.402217383
2902	186	5.942505193
2903	2918	1.252513837
2904	2909	1.342106339
2905	2889	1.459134143
2906	2934	5.427370143
2907	2910	0.33968292
2908	2931	0.0656604
2909	2924	7.553408299
2910	2938	0.580845075
2911	2935	3.170350561
2912	2915	2.833612745
2913	1921	0.230347123
2914	2917	1.066402376
2915	2908	0.706717806
2916	2921	3.586473884
2917	2922	2.18525308
2918	1960	3.616251322
2919	2936	3.719519014
2920	2904	3.535917335
2921	2939	1.471805869
2922	2905	3.452290285
2923	2928	3.103741887
2924	2903	0.832296686
2925	924	7.473090683
2926	2911	0.836961019
2927	1949	2.403203857
2928	2906	4.858179274
2929	2925	0.606008568
2930	2914	4.231808391
2931	2929	1.291400526
2932	2927	0.093516143
2933	2930	0.5886623
2934	1281	1.597444996
2935	2890	3.601888106
2936	1986	2.056801934
2937	1923	2.362560988
2938	2933	4.727835324
2939	2932	4.098285343
2940	474	3.760701671
2941	715	5.933736428
2942	2402	0.80805418
2943	613	0.908226716
2944	629	4.259986759
2945	2410	0.753658906
2946	35	12.19089235
2947	1907	27.24200677
2948	1772	15.68008695
2949	2864	27.2622792
2950	158	219.9712256
2951	51	4.134403485
2952	2982	3.689932257
2953	2952	12.30060387
2954	2476	0.199325133
2955	2954	6.424687387
2956	2976	0.105833102
2957	2956	4.846862686
2958	1776	7.926768804
2959	2958	5.862110215
2960	2849	13.31536409
2961	2960	10.23128345
2962	1282	1.522149688
2963	1383	8.43265029
2964	2963	5.396894594
2965	2964	6.534244326
2966	561	1.911234808
2967	2606	8.772113586
2968	486	1.065188082
2969	2967	6.365901203
2970	2969	0.563688317
2971	459	0.156373824
2972	2971	0.08249005
2973	1381	2.163324506
2974	106	4.788695256
2975	1380	1.799352908
2976	2977	5.62758774
2977	2978	2.153274904
2978	2979	5.67775515
2979	2955	0.931056708
2980	2518	1.589824785
2981	431	0.614159319
2982	2983	4.874812083
2983	2578	2.657172519
2984	1058	5.562560573
2985	3049	6.37237406
2986	3038	2.708464163
2987	3494	19.91220747
2988	2778	9.257003729
2989	1701	33.10123983
2990	1771	0.416875681
2991	1869	16.23871577
2992	2846	7.307378018
2993	1201	2.992084041
2994	2850	2.471526612
2995	2418	5.249972863
2996	1550	253.9613724
2997	1267	8.107884512
2998	1229	1543.072572
2999	782	2.629493689
3000	627	140.8685386
3001	2608	325.8352168
3002	155	37.42689003
3003	3494	160.1099157
3004	248	15.77847416
3005	1713	10.62330926
3006	3494	411.0053493
3007	2256	13.24823079
3008	2211	19.24583316
3009	2085	748.0671362
3010	2572	7.076149397
3011	457	20.65593611
3012	2699	75.15047326
3013	2254	53.29539358
3014	2562	0.947597873
3015	1425	1.002649433
3016	680	154.9106966
3017	2885	5.051913427
3018	1214	3.69084995
3019	1135	5.022160292
3020	1664	542.7254148
3021	3023	12.97054685
3022	362	14.73189504
3023	1444	4.782612604
3024	1624	1.314743267
3025	1583	9.02494875
3026	1287	0.088297653
3027	1861	13.06841257
3028	2791	7.623258022
3029	2818	16.38491142
3030	21	24.96457492
3031	2075	0.616854527
3032	2475	44.09891846
3033	3027	1.007325298
3034	3055	12.88698055
3035	1854	21.70245143
3036	2835	39.55282513
3037	2288	36.09566014
3038	1779	0.228124658
3039	2866	11.01745522
3040	168	65.21362189
3041	2534	0.658259142
3042	2206	17.6250993
3043	2809	0.186380891
3044	2019	0.049046325
3045	1717	5.2002858
3046	98	3.961503978
3047	83	2.530350364
3048	169	10.66032098
3049	2317	8.75709587
3050	3	30.99855294
3051	1622	13.33988516
3052	3065	1.806915504
3053	1881	11.05747729
3054	2847	0.075058592
3055	2867	59.70176156
3056	2863	48.10918971
3057	2803	12.66634055
3058	2080	25.01257409
3059	2107	2.926076301
3060	3494	364.7022068
3061	3060	47.40602841
3062	261	21.51327532
3063	3064	3.563608771
3064	2229	473.6313185
3065	1152	23.57599944
3066	2342	336.4670464
3067	3044	1.799334757
3068	2048	10.69957008
3069	3071	26.86710387
3070	2868	25.25255503
3071	3070	3.777136645
3072	2315	41.54092197
3073	3074	42.84505325
3074	3247	23.76542636
3075	2592	152.6991363
3076	2586	2.52471285
3077	1553	17.71934715
3077	2217	15.43469765
3078	3494	68.90281237
3079	337	8.120214137
3080	1695	16.18956761
3081	1840	10.74132314
3082	511	1.441487343
3083	550	7.290244753
3084	2121	7.95132464
3085	1029	95.64968386
3086	2008	1.028388745
3087	2841	7.637047752
3088	2417	2.033264458
3089	359	0.362743049
3090	2647	20.59573504
3091	2667	2.09159285
3092	2467	14.81371745
3093	2762	345.498653
3094	3346	28.96595755
3095	1483	20.0895046
3096	2262	1.894609898
3097	2786	2.798179061
3098	2857	6.845868866
3099	1217	85.33872621
3100	2309	16.7592957
3101	2392	41.30579652
3102	1048	464.0932527
3103	1136	176.8236161
3104	3105	8.55989677
3105	1985	18.19020318
3106	3349	15.01786771
3107	3494	132.1859229
3108	2731	31.63936186
3109	2825	26.71231728
3110	1830	120.0350778
3111	1537	44.65806801
3112	774	128.9057031
3113	2498	71.89836286
3114	838	11.4796436
3115	1670	65.13741978
3116	3494	1301.198343
3117	3494	69.00594077
3118	3121	2.293359757
3119	2353	54.95159419
3120	3118	1.024551134
3121	2832	72.11589379
3122	3337	75.7700445
3123	3122	34.14568386
3124	1747	8.92557246
3125	2356	27.21891122
3126	3125	69.16600395
3127	3494	938.1354604
3128	1037	61.11459144
3129	449	92.67373062
3130	2435	1.173225924
3131	2301	10.92538449
3132	381	29.09561117
3133	950	40.60259546
3134	1485	114.6254702
3135	1227	73.3355485
3136	2683	22.26755504
3137	3116	19.99692444
3138	3141	2365.871398
3139	1226	140.2094384
3140	2627	152.9617675
3141	1646	22.20608139
3142	602	8.149841926
3143	1683	27.78125144
3144	1571	58.82766697
3145	1285	3.009134489
3146	3494	247.7233081
3147	701	1.080617187
3148	2660	7.958169334
3149	1456	12.3487388
3150	1466	20.56670825
3151	199	48.15962341
3152	1804	132.2103436
3153	3494	1333.309745
3154	1825	549.3151799
3155	1672	106.1320078
3156	211	1063.48965
3156	3441	110.1541454
3157	2546	58.86387514
3157	3158	11.17062382
3158	549	93.75571897
3159	3494	263.9977533
3160	3159	98.63755943
3160	3494	57.48301693
3161	3160	54.30333205
3161	3494	137.6864262
3162	3494	179.3219406
3163	3494	295.5860861
3164	1479	11.3763531
3164	3494	35.50331134
3165	3163	40.5714368
3165	3164	15.91483975
3166	3224	6373.501436
3167	3165	39.24650571
3167	3494	65.48191045
3168	1860	800.1476193
3169	3168	21.34330651
3169	3494	320.5434379
3170	3494	38.2960638
3171	3174	28.50748258
3171	3494	45.73354596
3172	1167	283.4338008
3172	3174	11.57002932
3173	852	10.41065113
3174	3175	14.69341729
3174	3494	32.91075736
3175	3173	11.43061232
3175	3176	34.41945733
3176	2756	141.2191363
3177	1180	18.14872295
3177	3178	15.10154899
3178	1815	69.0764929
3178	2705	35.71140167
3179	1175	47.5638234
3179	3180	13.89134226
3180	3494	11.8198894
3181	836	196.7558609
3181	3182	12.16815597
3182	258	1253.15764
3182	3184	18.24296418
3183	2870	644.0079263
3183	3181	15.97778334
3184	2632	273.2953307
3184	3183	11.95893117
3185	3494	23.80890198
3186	817	224.3697514
3186	3185	44.28208287
3187	3494	6.55775008
3188	1926	3.676250332
3188	3494	3.212151076
3189	2106	39.94328775
3189	3190	11.74920829
3190	3192	22.47088396
3191	3189	22.4865428
3191	3288	55.18955902
3192	2161	5.496862713
3192	3191	11.62121058
3192	3192	0.156171185
3193	3494	40.03146345
3194	483	25.77303487
3194	3194	0.176693223
3194	3494	73.34411244
3195	3194	9.28438373
3195	3195	0.163478618
3195	3494	225.1403874
3196	222	244.9960281
3196	3195	38.32659095
3197	1113	319.6331443
3197	3198	30.98936113
3198	3198	0.83840657
3198	3199	9.139329887
3198	3494	291.443467
3199	1461	62.04165983
3199	3199	0.825467327
3199	3494	23.81301764
3200	3278	16.32247341
3201	3201	0.03747293
3201	3202	5.056882694
3201	3494	15.98523757
3202	115	113.7637221
3202	3494	26.31601411
3203	3494	8.506352466
3204	3494	145.8184607
3205	2443	41.28875948
3205	2811	6.451650548
3206	281	8.210331272
3206	3494	4.841140416
3207	1277	33.34638493
3207	3208	7.38749339
3208	3210	7.408120472
3208	3494	4.181052305
3209	1474	191.7633386
3209	3206	14.12311654
3210	3494	14.06406275
3211	3209	12.35168083
3211	3494	11.56280772
3212	1919	31.61019388
3212	3373	82.32994994
3212	3494	23.10207971
3213	3213	0.093413776
3213	3216	7.703893296
3213	3494	9.118043132
3214	3214	0.132326057
3214	3494	8.001275634
3215	3212	24.34955215
3215	3494	15.11419406
3216	3215	7.91187868
3216	3216	0.045388954
3216	3494	33.73323782
3217	3216	8.915402843
3217	3217	0.305874146
3217	3494	18.83557137
3218	3218	0.059048515
3218	3494	4.491719388
3219	3095	4.732460983
3219	3219	0.038676176
3219	3220	19.07226331
3220	2750	111.9290374
3221	3494	12.96422092
3222	3494	90.25556984
3223	2373	4608.634073
3223	3494	31.81069745
3224	3222	473.5834959
3225	3167	6391.542877
3225	3224	13.79961708
3226	3494	726.6975127
3227	3226	98.39992823
3228	1547	2581.411302
3228	3230	17.55987986
3229	3228	25.46334139
3230	3231	24.31309053
3230	3232	55.79671733
3231	3229	17.60823318
3231	3494	43.88433727
3232	3494	353.2029605
3233	3231	56.26241671
3233	3494	75.74066133
3234	350	803.8895825
3235	1531	253.7075862
3235	3234	16.19891333
3236	2535	1048.10198
3237	3239	23.0095482
3237	3494	48.28918005
3238	3236	27.21090301
3238	3239	15.41570245
3239	3239	0.500206262
3239	3494	40.52114995
3240	3240	0.299878827
3240	3494	30.76257509
3241	3240	15.11366205
3241	3241	0.303487867
3241	3243	34.11439172
3242	3240	24.98599843
3242	3494	41.28373247
3243	2369	61.17751103
3244	1931	26.70710473
3244	3494	36.96130325
3245	3494	15.26168828
3246	3245	15.21276565
3246	3494	21.92147545
3247	3494	4.723830475
3248	2228	83.03001695
3248	3250	28.77235561
3249	3247	39.16175372
3249	3494	76.81258412
3250	3494	4.60928133
3251	316	1048.764548
3251	3252	24.39148932
3252	3253	17.14170593
3252	3330	1732.040717
3253	2312	401.9026959
3253	3254	24.37818037
3254	3251	18.0889682
3255	3257	55.67134247
3255	3494	100.9178173
3256	2515	325.9026842
3257	3258	19.18729943
3257	3494	76.62859836
3258	3260	18.14112953
3258	3261	51.9374618
3259	3256	48.4399174
3259	3257	18.14819327
3260	3259	19.55856373
3260	3494	57.6704096
3261	2838	181.0260471
3262	2141	11.65323493
3262	3494	11.09462686
3263	2233	304.6482402
3263	3264	13.36900625
3264	574	234.22651
3264	3266	17.10203161
3265	705	13.56028028
3265	3263	17.46458649
3266	3265	13.25174501
3267	2544	93.96945544
3267	3252	1389.126989
3268	2333	221.1997824
3268	3267	22.19146013
3269	1353	234.8317381
3269	3270	17.91475664
3270	103	335.4046845
3270	3378	20.90556386
3271	3494	18.76028674
3272	394	191.51473
3272	3274	24.23768542
3273	2421	341.7348871
3273	3271	16.17204551
3274	3494	15.30302507
3275	3225	5044.585804
3275	3494	724.2425289
3276	3494	1144.402239
3277	3196	48.48860755
3278	945	176.7447748
3278	3277	65.24784953
3279	3447	38.16114721
3279	3451	45.42308869
3280	3090	357.9993408
3281	3283	18.30970017
3282	3281	29.03801289
3282	3494	65.46523178
3283	3285	55.70224969
3284	3282	17.39105529
3284	3283	29.03189216
3285	2162	212.7662391
3286	3281	58.73325411
3287	3189	55.9009064
3287	3288	23.11502327
3288	713	423.5428833
3289	196	42.38712466
3289	2138	37.90978935
3290	2601	26.34278449
3290	3494	9.316542335
3291	587	14.47193028
3292	697	159.5969446
3292	2590	50.4072948
3293	3292	12.01726685
3293	3310	264.6864304
3294	1171	196.3775978
3294	2646	158.2523674
3295	2494	14.31473103
3295	3494	12.11123278
3296	3011	21.42634913
3296	3494	3.09597094
3297	3494	33.36107023
3298	2142	26.16394408
3298	3494	14.60270715
3299	2486	132.1619835
3299	3297	16.80926612
3300	3494	10.82430651
3301	3322	26.76256333
3302	3301	35.13115339
3302	3303	56.98172317
3303	816	327.2299852
3304	3305	57.60713523
3304	3494	37.01481287
3305	3301	451.8648949
3305	3307	16.78360142
3306	3307	29.14628845
3306	3494	32.30487618
3307	391	56.33604316
3307	3494	33.31708363
3308	3494	8.381050973
3309	3292	262.0465973
3309	3310	23.27300244
3310	3494	3.53870235
3311	1274	105.7059071
3311	3308	26.51018714
3312	1814	244.9762713
3312	3313	17.82597508
3313	2266	185.862762
3313	3250	485.4112467
3314	1598	24.79676187
3314	3315	29.87352449
3315	1598	27.9776935
3315	3494	7.912423257
3316	1785	27.47459627
3316	3494	41.58298593
3317	1541	67.72520948
3317	2431	160.7340798
3318	573	9.538325796
3319	3494	54.63240066
3320	13	235.8057105
3320	3319	28.65532552
3321	2599	103.1560838
3321	3494	54.76287556
3322	3321	60.34745261
3322	3494	6.790845825
3323	293	357.0990299
3324	3325	1.864554158
3325	3323	17.41328733
3325	3494	14.57236129
3326	3080	226.6289177
3326	3327	53.10005127
3327	2703	6.701290319
3328	56	52.16660974
3328	2029	192.6919498
3329	2042	123.2005227
3329	3328	12.79310272
3330	3331	18.58934226
3330	3494	3374.59611
3331	173	1040.795536
3331	175	330.2102498
3332	2698	31.32228677
3332	3144	25.03329293
3333	3334	25.93079328
3334	2607	77.04089507
3334	3336	17.2907518
3335	3110	28.82665877
3335	3333	17.22072846
3336	3335	25.53654179
3337	3120	142.3624178
3337	3338	13.93868421
3338	231	271.3302928
3338	302	609.7688499
3339	2793	64.01576518
3339	3340	12.21692396
3340	3494	113.7012836
3341	62	924.4325699
3341	3342	11.81863109
3342	1862	153.0212578
3342	3262	557.5260984
3343	1944	493.6083445
3343	2998	527.1912214
3344	2796	50.86139619
3344	3494	19.69647266
3345	174	688.4293247
3346	87	284.5975316
3346	2702	13.73031569
3346	3346	0.225711928
3347	3348	57.59820865
3348	3349	16.24343153
3348	3418	91.4416746
3349	66	73.37648329
3349	3421	71.29581833
3350	3413	29.2799145
3350	3494	654.3493335
3351	3352	14.79964173
3351	3359	47.36350911
3352	3355	47.64411245
3352	3358	56.80383369
3353	3354	18.98043034
3354	3351	46.94715946
3354	3359	84.00607644
3355	3356	19.99433968
3355	3358	91.95328166
3356	1361	857.1309134
3357	3351	70.2345634
3357	3494	63.9366728
3358	1348	397.3187629
3359	2060	141.7238228
3360	3352	58.0472456
3360	3494	48.31385528
3361	1626	35.91666785
3362	3274	276.8533428
3362	3494	38.16673095
3363	3364	507.4861741
3364	3365	17.3453195
3364	3494	470.1106675
3365	140	670.6226951
3365	3492	3267.059047
3366	3494	1146.88923
3367	3368	296.2631445
3367	3494	871.9729204
3368	3369	79.33098079
3368	3494	116.6689439
3369	3494	81.40227212
3370	2727	2.319364382
3370	3370	0.717907965
3370	3494	2.415729341
3371	3494	4.614064575
3372	3370	10.51246156
3373	1895	11.6133437
3373	3464	21.15821455
3374	3132	76.32551249
3374	3375	21.56688759
3375	2267	147.4965284
3376	242	199.3780369
3376	3494	56.14855586
3377	3254	585.2757773
3377	3269	20.86533471
3378	3377	18.63627053
3378	3494	1371.486416
3379	3383	545.6157931
3380	668	216.2194943
3380	3379	11.6885426
3381	3382	11.84060462
3382	1504	78.61794281
3382	3384	13.54118389
3383	2615	429.6211284
3383	3381	13.46068924
3384	3380	550.0378896
3384	3494	451.0724572
3385	2488	148.7548854
3386	3388	81.63616748
3386	3494	127.1468814
3387	3385	79.4199157
3387	3388	17.60404508
3388	3390	17.65120588
3388	3494	79.14216761
3389	1809	17.48074765
3389	3387	17.66185911
3390	3389	17.60104316
3390	3459	77.90643733
3391	145	141.1294687
3391	3392	60.00277341
3392	3494	8.32296744
3393	3282	41.81679116
3393	3494	80.33314898
3394	779	759.1721075
3394	3284	45.31197474
3395	3494	10.45106787
3396	3308	128.0915355
3396	3398	40.17305683
3397	1219	267.0803125
3397	3395	35.33006479
3398	3494	4.111420073
3399	2064	17.72111993
3399	3461	18.18105668
3400	3399	19.25362009
3400	3494	16.479177
3401	2140	8.682021201
3401	3494	8.32391754
3402	82	210.3310435
3403	3405	13.42309121
3403	3494	40.22976073
3404	3402	13.33689851
3404	3494	60.78632191
3405	3406	32.10685758
3406	846	98.48499708
3407	3404	34.6071194
3407	3494	78.48380801
3408	1435	128.2626746
3408	3409	12.23116098
3409	2656	452.1872843
3409	3494	544.4954899
3410	11	126.5075906
3410	3411	11.81816904
3411	1144	63.35766189
3411	2634	12.28271057
3412	3373	18.90064301
3413	2991	22.25153423
3413	2992	91.33984372
3414	139	7.555650167
3415	2191	55.35025565
3415	3414	16.03137309
3416	3465	232.5468104
3417	3416	97.06385939
3417	3494	88.38195156
3418	3350	26.15311048
3418	3413	23.16246378
3419	298	403.2614578
3420	3418	17.76945179
3420	3419	19.15922428
3421	2028	228.3548413
3421	3420	16.03016808
3422	3422	0.320572179
3422	3423	9.313009905
3422	3494	48.64393917
3423	1522	26.61650965
3423	3423	0.151986094
3423	3425	11.14407376
3424	3422	11.27146502
3424	3424	0.015615406
3425	3424	9.4315816
3425	3425	0.424584315
3425	3494	35.06647096
3426	3427	36.12121163
3426	3494	46.61556598
3427	2213	3.422838198
3427	3427	0.06304621
3427	3428	18.73676175
3428	157	14.48772303
3429	6	47.37516537
3430	1877	205.9315962
3430	3431	24.49141873
3431	3494	19.4580656
3432	369	62.68160184
3432	3494	947.2117451
3433	1744	222.2240552
3434	734	433.3336826
3435	3434	65.86717623
3435	3494	1.081266385
3436	3435	9.786709539
3436	3494	1.256603935
3437	3436	67.01245237
3437	3494	97.64538488
3438	3437	9.626449866
3438	3494	9.021915256
3439	3494	19.96794288
3440	2070	1162.873001
3441	3440	11.00404158
3441	3490	3833.116443
3442	3440	11.35640869
3443	3442	29.23349661
3444	3276	1815.451986
3444	3494	975.812303
3445	1681	1144.852908
3445	3494	1981.625912
3446	3445	21.25683346
3446	3494	1979.948519
3447	3448	17.35506109
3447	3451	22.71079961
3448	3450	18.01736052
3449	3280	38.06785435
3449	3447	18.24917522
3450	3449	17.82581084
3450	3453	565.3772778
3451	2364	39.82063871
3452	3280	60.87313831
3452	3449	45.1219631
3453	3454	9.743349921
3454	3436	14.34191432
3454	3454	0.995707063
3454	3493	95.91603809
3455	60	210.8908594
3455	3456	12.19887022
3456	1075	90.86667731
3457	61	430.6064525
3457	3455	11.52109602
3458	3389	76.14463453
3458	3494	102.8663611
3459	295	309.7033986
3460	873	26.94559396
3460	3461	38.22853096
3461	3462	19.37999586
3461	3494	32.06316226
3462	3400	18.71937842
3462	3463	45.33435977
3463	2208	194.1107399
3464	1896	21.95735354
3465	3438	18.85180682
3465	3493	16.6156509
3466	3465	12.76434534
3466	3467	250.2182996
3467	3494	79.91310719
3468	2349	133.4714198
3469	3472	32.26521702
3469	3494	56.12240665
3470	0	415.3138883
3471	3470	22.77150981
3471	3472	14.04823436
3472	3474	16.91185746
3473	3471	17.03855513
3473	3494	18.0782449
3474	3473	14.26727252
3474	3475	31.61904544
3475	1237	28.2417831
3476	3473	36.91593768
3476	3494	43.22806493
3477	2047	84.97757805
3477	3318	73.24493873
3478	1823	31.69148217
3478	3477	11.95864729
3479	531	11.84816256
3479	3480	10.2989904
3480	1615	31.96946995
3480	3480	0.134084401
3481	3482	11.34084674
3481	3494	104.6550225
3482	1193	26.5111705
3483	3466	66.87687187
3484	3483	40.52968034
3484	3484	0.325767945
3484	3485	13.66517575
3485	3487	9.088453622
3486	3484	9.238592737
3486	3486	0.234489871
3486	3494	18.61349305
3487	3441	2184.732328
3487	3486	13.6969789
3488	1094	37.52864936
3488	3486	39.1588751
3489	3443	3795.135411
3489	3490	13.08367725
3490	3364	3253.57737
3490	3492	17.10802458
3491	3360	2549.903536
3491	3489	16.74891395
3491	3494	474.7042093
3492	3491	13.24725512
3492	3494	146.8045801
3493	3366	235.3877558
3493	3494	12.75127155
3494	55	134.6534286
3494	112	24.22480086
3494	114	107.6626649
3494	136	868.5051638
3494	156	12.13402027
3494	159	13.70917844
3494	167	18.71362095
3494	179	73.83770891
3494	198	80.61782369
3494	207	25.08445438
3494	212	362.3484332
3494	214	888.1879988
3494	227	91.63703441
3494	236	560.3741011
3494	274	156.4796693
3494	282	62.89925767
3494	307	69.00864755
3494	319	37.71520855
3494	345	76.77172971
3494	354	76.17090564
3494	355	358.652576
3494	363	641.7069047
3494	392	51.38282332
3494	393	163.8871837
3494	405	18.75409272
3494	443	9.693175849
3494	468	1.569037976
3494	488	41.57995507
3494	490	73.89292545
3494	498	6.446031738
3494	520	1.134630453
3494	545	16.16432341
3494	548	14.97741797
3494	551	20.105361
3494	552	14.91441469
3494	557	43.38326464
3494	604	26.4713019
3494	605	10.37890654
3494	641	10.48076563
3494	644	82.51209628
3494	649	9.298941111
3494	659	69.28479046
3494	730	125.4132992
3494	731	23.20866699
3494	734	56.75432195
3494	738	34.69097705
3494	742	43.32457022
3494	764	318.4994585
3494	772	4.537384529
3494	780	697.0967038
3494	785	3.583635345
3494	832	5.284214571
3494	864	22.41984617
3494	875	138.532503
3494	884	4.180693896
3494	908	6.095134424
3494	952	85.14943648
3494	970	5.38601793
3494	979	40.65707735
3494	995	85.32985679
3494	1023	8.179682236
3494	1078	225.4616307
3494	1117	33.68190699
3494	1119	139.2099402
3494	1128	504.6970032
3494	1159	174.4804211
3494	1160	119.3652713
3494	1168	5.99572652
3494	1220	31.01063619
3494	1252	35.15033395
3494	1260	46.42165067
3494	1262	5.323562808
3494	1276	2.98010167
3494	1290	19.43755246
3494	1390	11.52299995
3494	1400	7.679287943
3494	1420	13.26080607
3494	1421	28.83298921
3494	1430	13.69311175
3494	1436	931.7196101
3494	1447	136.1020925
3494	1476	696.2611809
3494	1478	40.44808186
3494	1481	943.2163183
3494	1486	2.937360123
3494	1502	16.71520963
3494	1503	56.83823173
3494	1513	320.6387144
3494	1538	6.891995112
3494	1543	6000.180922
3494	1558	21.12301117
3494	1578	72.26010708
3494	1585	387.0164162
3494	1586	264.0320228
3494	1589	224.7686953
3494	1594	8.169148434
3494	1603	171.484581
3494	1613	129.9606201
3494	1619	87.89936441
3494	1620	11.65628229
3494	1634	22.32140769
3494	1641	100.0798568
3494	1650	455.9900566
3494	1669	7.958601805
3494	1736	11.81072819
3494	1743	21.7953319
3494	1760	53.43667542
3494	1774	173.7315244
3494	1780	102.4940138
3494	1795	51.86968773
3494	1827	13.41253264
3494	1836	23.81508838
3494	1838	2356.743099
3494	1839	16.56547847
3494	1847	7.300702729
3494	1853	13.84904825
3494	1859	44.6544781
3494	1876	28.63134269
3494	1888	50.33359685
3494	1911	5.501292227
3494	1914	28.74007951
3494	1915	7.566075517
3494	1976	212.0067117
3494	1982	491.442903
3494	1996	3341.677528
3494	2041	9.883001417
3494	2095	473.0118679
3494	2097	7.465136874
3494	2100	26.08000117
3494	2125	93.11736109
3494	2133	66.08806144
3494	2139	106.6603426
3494	2144	65.90828657
3494	2153	107.7837397
3494	2196	159.2207185
3494	2236	65.97221814
3494	2239	2.789638515
3494	2244	3.36781824
3494	2249	507.4409697
3494	2255	430.4503478
3494	2272	17.69806561
3494	2336	389.4264113
3494	2340	121.6159191
3494	2348	180.795202
3494	2355	372.4377887
3494	2365	742.4263443
3494	2376	315.7761438
3494	2389	130.2969569
3494	2405	237.0275657
3494	2422	10.14509094
3494	2433	58.14905277
3494	2462	174.271448
3494	2479	9.298069795
3494	2497	10.71177509
3494	2507	13.62748652
3494	2531	32.04719066
3494	2584	20.02733529
3494	2612	32.18024662
3494	2658	6.14797974
3494	2665	15.46621681
3494	2680	13.74210043
3494	2682	10.79218364
3494	2685	11.57216313
3494	2691	29.99393071
3494	2693	88.67550456
3494	2724	205.9847384
3494	2737	18.54105766
3494	2748	166.092292
3494	2752	39.86891475
3494	2761	147.2346422
3494	2766	262.2867759
3494	2767	27.90920354
3494	2768	5994.775967
3494	2777	42.09274837
3494	2797	76.27420852
3494	2806	21.17737882
3494	2808	49.1236662
3494	2861	144.8621898
3494	2876	3.50433638
3494	2987	19.93453983
3494	2996	131.5459479
3494	3003	9.945396745
3494	3006	422.2760491
3494	3061	303.3820607
3494	3062	58.6345807
3494	3068	51.85483202
3494	3073	2.82498829
3494	3103	1701.905469
3494	3112	208.7077687
3494	3137	888.5960343
3494	3147	3.915982853
3494	3151	134.4782393
3494	3153	1288.969966
3494	3154	31.60806585
3494	3159	194.2180539
3494	3160	142.3967788
3494	3161	33.8275602
3494	3162	195.608013
3494	3163	56.21631863
3494	3164	38.35598106
3494	3165	39.94947088
3494	3166	45.150927
3494	3168	323.8690047
3494	3170	130.9139192
3494	3175	26.38423096
3494	3176	48.0808302
3494	3178	143.6676982
3494	3179	11.44185558
3494	3182	266.5685915
3494	3184	2797.590362
3494	3186	5.728780522
3494	3187	36.11480133
3494	3188	24.12477891
3494	3193	21.83594231
3494	3194	121.3296709
3494	3197	15.27700309
3494	3198	62.02865688
3494	3199	242.0242054
3494	3200	15.8725005
3494	3203	11.75168749
3494	3204	9.278839955
3494	3205	2.68485824
3494	3207	4.291254489
3494	3208	5.827864269
3494	3209	5.781745859
3494	3210	4.23594576
3494	3211	24.34097869
3494	3213	8.704613069
3494	3214	4.561432066
3494	3217	18.66008427
3494	3221	8.982814109
3494	3223	12.75304907
3494	3225	559.1474505
3494	3226	108.2932379
3494	3227	112.1995648
3494	3229	2230.011606
3494	3230	43.93783701
3494	3232	74.41169183
3494	3234	908.2125352
3494	3236	39.14911015
3494	3237	3909.647079
3494	3238	28.06215209
3494	3241	33.26570176
3494	3243	49.60889111
3494	3245	23.67807609
3494	3246	10.12534318
3494	3248	15.79431072
3494	3249	7.305440701
3494	3258	46.1651866
3494	3259	34.6753716
3494	3260	44.09008111
3494	3272	6.875047206
3494	3273	11.1053801
3494	3277	190.0961208
3494	3279	1561.962898
3494	3284	60.37036167
3494	3286	240.521307
3494	3290	28.45912518
3494	3291	28.19249912
3494	3298	2.797706224
3494	3300	2.961689598
3494	3302	10.83390779
3494	3303	77.02003409
3494	3305	55.57915651
3494	3309	1.845358703
3494	3311	32.66101004
3494	3316	38.53858028
3494	3320	33.98862521
3494	3323	20.96040822
3494	3326	7.137185591
3494	3329	142.0298281
3494	3339	112.8929746
3494	3340	172.7170172
3494	3344	19.21090555
3494	3345	512.6053821
3494	3353	17.06352049
3494	3356	19.40944362
3494	3363	3156.115097
3494	3365	459.1768204
3494	3369	3.081135147
3494	3371	2.132764237
3494	3372	3.789245316
3494	3378	571.7940614
3494	3380	74.63642509
3494	3384	333.9160404
3494	3385	103.6601373
3494	3387	54.82126031
3494	3390	79.73655002
3494	3392	121.2711105
3494	3394	79.21719234
3494	3396	12.56495182
3494	3397	6.502046395
3494	3399	25.77657216
3494	3402	75.8780057
3494	3403	32.34724546
3494	3405	38.69725877
3494	3406	32.33279448
3494	3412	107.7288386
3494	3416	83.90104926
3494	3420	50.42738512
3494	3423	48.52094336
3494	3424	35.28707342
3494	3428	27.87927055
3494	3430	3.782520752
3494	3432	530.304313
3494	3434	79.8888638
3494	3435	43.94130889
3494	3448	288.3200059
3494	3453	14.31856818
3494	3459	123.4200177
3494	3462	39.66352877
3494	3463	66.13270166
3494	3464	75.04825288
3494	3466	16.37216421
3494	3468	25.14465441
3494	3470	61.27938074
3494	3471	50.87329188
3494	3475	71.17616923
3494	3482	137.3065496
3494	3483	67.67139016
3494	3484	49.72272646
3494	3485	108.5882311
3494	3489	473.8116337
3494	3491	62.97193651
3494	3494	82.09801669