IdStar	IdEnd	Length
0	100	2.417022287
2	139	103.3698386
3	537	8.585997396
4	3	6.37525534
5	6	0.378536587
5	715	238.3567642
6	5	0.378539338
6	714	1.743147585
7	7	131.2137735
7	1043	133.4249412
7	1235	2113.929606
8	41	12.53013439
9	683	36.57251751
10	9	4.795064345
11	10	0.771284812
12	12	55.88594101
12	469	191.861985
12	1154	408.6932863
13	812	274.9928265
14	36	22.60562716
14	472	0.245749881
15	16	110.737331
16	16	21.19277756
16	17	17.60122247
17	26	4.142469977
18	22	4.865283303
19	20	17.57110955
20	27	64.96868943
22	19	124.7438305
22	22	10.87187484
22	25	81.71456124
23	16	84.09095758
23	23	10.38260727
23	24	251.6428375
24	2686	44.17951604
25	23	38.3014702
25	25	24.99345295
26	18	13.42171166
27	409	384.3530811
28	74	354.5240059
29	51	2.998483054
30	162	1212.248704
31	168	90.28968299
32	1012	2.972066367
33	130	8.015170963
34	568	55.39128992
35	35	1124.008203
36	14	22.51571978
36	926	1.309593866
37	935	15.42133024
38	40	5.043610553
39	456	224.439196
40	37	3.408029172
41	38	12.18441398
42	42	93.35977633
42	43	44.30208452
42	683	42.58803982
43	42	40.00723195
43	43	61.67034632
44	973	23.24725657
45	71	4.935589014
46	46	165.1319287
46	47	39.63545465
46	1272	379.4506664
47	46	39.25840996
47	538	162.0121112
48	48	51.93703721
48	411	1207.249527
48	783	260.3956924
49	48	81.04500652
50	1220	21.68091051
51	709	93.86944505
52	52	126.547577
52	55	451.0123886
52	496	286.062139
53	53	15.60023586
53	55	27.54158168
53	56	83.93393058
53	246	910.3233455
53	496	13.34742571
54	399	106.3729011
55	53	29.75397078
55	55	18.35573914
55	452	38.22484708
55	496	46.90884736
55	926	121.2608111
56	59	52.78652092
57	352	103.4895074
57	1183	92.86442229
58	58	15.72204446
58	405	102.8790434
59	405	111.3319957
60	135	48.37428019
61	134	3.824927188
62	62	44.17346137
62	471	641.3247364
62	1185	1668.067808
63	69	151.6307674
64	774	401.8307744
65	491	40.87280819
65	609	532.1052794
66	28	145.9790712
67	67	20.07564617
67	628	993.271944
67	809	392.8307846
67	1010	1106.190607
68	64	8.58982481
69	69	9.389115896
69	760	61.45430357
70	70	15.77061811
70	73	88.85293427
71	63	28.74460327
72	68	33.65324688
73	66	117.6890991
73	73	27.74094532
73	74	808.353742
73	774	255.6783559
74	73	799.0088534
74	74	39.20908743
74	609	310.8772717
74	1170	174.142509
75	146	76.2466433
75	714	637.6231154
76	5	412.8202837
77	751	96.55737338
77	795	134.707158
78	78	126.3994694
78	257	134.5690923
78	658	147.5927255
78	680	1807.275034
80	80	969.8164205
80	595	174.2482778
80	656	3812.676293
81	81	357.726507
81	451	3338.660625
81	574	792.9052589
81	577	4791.310326
82	82	45.20806394
82	689	1445.52699
83	83	721.1356416
83	527	1998.948333
83	1159	1494.494538
84	85	14.32103521
85	83	13.08340624
86	748	137.2078651
86	795	1.297145217
87	87	10.14757568
87	90	1042.039072
87	546	224.9291698
88	418	97.9946921
88	499	24.32938924
89	675	1.984044143
89	965	125.3536594
90	87	708.9007354
90	546	1224.026096
90	749	309.9421826
91	91	3.50893186
91	414	70.62584888
92	458	6032.313144
93	92	178.0086528
94	94	185.3510087
94	501	446.2633021
94	1140	450.1182917
100	100	53.48601638
100	2703	2169.48285
101	515	8.852648925
102	104	282.0313566
103	424	364.2545879
104	103	265.2399695
105	945	85.24014478
106	105	61.03164203
107	2669	544.4114585
108	422	727.4956988
109	481	7.94616306
110	514	3.619082218
111	106	17.02211735
112	1146	8057.186179
113	113	37.51205653
113	1149	205.0339336
114	115	12.36776643
115	115	55.67498201
115	155	2004.396063
116	837	35.35164991
117	803	2028.480728
118	856	26.98360055
119	118	21.32123378
120	119	0.153025228
121	688	16.92462309
122	614	232.9255145
123	761	76.41882529
123	1135	80.24148121
124	34	50.61452132
125	127	10.66732058
126	128	29.28695719
127	127	245.9142823
127	773	271.6314678
128	125	5.560185862
129	126	13.14773668
129	129	67.91868259
129	553	408.5504833
130	757	132.0293238
131	131	210.7991179
131	159	388.6617169
131	176	30.20896806
132	208	0.07837336
133	565	553.1059725
134	439	25.23927725
135	61	107.2053425
136	137	50.91466078
137	740	18.56190462
138	2	2.154594799
139	140	7.527508233
140	1273	247.2873276
141	566	175.528161
142	141	126.8031534
143	142	106.2616347
144	303	81.37764472
145	499	92.71340802
145	675	31.74836298
146	75	76.24793023
146	1001	1068.579966
147	840	40.87735678
147	1104	418.4493336
148	149	0.836259672
148	840	43.23700789
149	148	0.836257126
149	1103	91.60667773
150	983	3237.771045
151	152	170.8524148
151	1195	274.6560848
152	151	170.5937181
152	152	17.53819443
152	153	63.40389611
153	466	3.941060086
154	154	26.11915129
154	487	65.40348287
154	774	1115.663002
155	215	2484.851116
155	1183	937.2503609
156	12	221.0069172
156	156	133.0720961
157	157	448.0510402
157	173	58.37078811
157	235	524.5367495
158	160	175.1820478
158	161	278.6022431
159	131	600.7795503
159	160	43.39785424
160	158	175.4079068
160	159	43.53659757
161	636	21.68809408
162	162	12.40852942
162	962	568.2271609
162	1186	270.7833338
163	163	44.19986783
163	169	370.7087191
164	166	0.066119106
165	167	33.62966941
166	165	0.260062422
167	855	11.30686467
168	168	22.19090377
168	581	405.6184847
169	169	274.4446381
169	611	22.23764937
170	171	40.50366647
171	278	67.04123455
172	866	382.7960673
173	157	58.42854034
173	562	86.47873066
174	174	37.97001469
174	175	63.48537818
175	176	169.1220062
176	131	61.0374466
176	176	12.21597021
176	955	147.6097624
177	131	850.882513
177	177	496.1231745
178	179	242.239814
179	184	54.34309733
180	177	1352.461242
180	180	33.24797366
180	805	180.6193551
181	583	274.6207151
182	1055	1.592773132
183	131	401.0022243
183	176	720.1703856
184	899	61.86328175
185	172	1520.283791
185	185	86.67638339
186	888	66.25116042
187	188	373.7678933
188	804	40.40546256
189	706	633.9037615
190	189	5.09752703
191	387	75.20596083
192	191	19.59457194
193	512	607.3207007
194	193	23.94741185
195	194	82.51815314
196	558	29.24122588
197	196	103.2492734
198	936	84.86650799
199	198	0.150575916
200	755	2.319613857
201	1214	13.76691556
202	1215	13.7447341
203	525	80.21729574
204	1175	86.21606485
205	206	36.64722613
206	1153	12.35309242
207	211	12.35348579
208	207	2.475400834
209	1125	26.24737205
211	827	2.619413382
212	676	26.98106562
213	114	62.05725096
214	213	33.35350052
215	214	212.2095303
215	215	154.8546473
215	237	180.5561339
215	493	114.0870958
216	212	30.10489918
217	216	35.3496345
219	221	571.4655891
220	222	108.3044295
221	575	735.8948651
222	577	2898.242123
222	1191	2397.387231
223	590	11.07776189
224	228	63.77289256
225	226	36.50068465
226	1198	12.6482874
227	225	11.18533684
228	227	2.898292288
229	719	107.9507412
230	231	229.4546124
231	231	49.67927833
231	817	335.1602525
231	962	125.7684165
231	1203	925.4225204
231	1224	128.4436053
232	235	460.8501307
233	959	37.948909
234	236	816.6368804
235	157	599.3128684
235	233	21.06904367
235	235	5.471799604
236	238	0.10953293
237	762	146.529102
238	239	13.50146188
239	241	10.36287136
240	404	156.2935502
241	242	18.94787485
242	552	117.4996859
243	1270	81.72930229
244	582	222.1671164
244	1166	75.10499379
245	245	21.50763432
245	608	50.74528168
245	1166	25.90803515
246	246	117.927696
246	350	150.9500292
246	764	42.87715545
247	250	61.17800411
248	2273	17.81086133
248	2380	64.05235778
249	765	17.9496669
250	249	11.52783888
251	247	6.162550863
252	815	684.627682
253	252	54.75317443
254	253	18.82012931
255	254	2.823198425
256	256	53.99370514
256	880	519.577337
256	1047	1782.631543
257	879	937.8411929
258	258	4569.961859
258	262	250.8390746
259	258	1711.574345
259	262	100.8139863
260	258	8627.74111
260	260	7912.567878
260	262	49.78030215
261	259	324.7350235
261	261	15.78551797
262	262	98.81687634
263	2608	163.344787
264	263	62.21988474
269	2611	74.30154812
270	828	7.305668328
272	1970	568.939797
273	968	13.78867545
274	972	6.985821236
275	971	1.064603125
276	928	134.7721576
277	285	112.9781297
277	1103	16.99285217
278	704	204.007154
278	781	211.3287765
279	1112	65.13903873
280	287	2.103610246
280	678	13.98100469
281	1119	193.4676234
282	281	201.1589697
283	284	452.9058675
283	533	1444.458908
284	284	11.34181026
284	533	684.9088521
284	1061	952.9755796
285	277	112.9477468
285	677	36.42865926
286	1251	69.94082458
287	280	2.103597215
287	288	150.4621349
288	279	80.09125689
289	284	1348.053841
289	289	14.85976749
289	533	14.97235588
289	845	285.414034
289	1119	488.6786438
291	311	8.119540389
293	315	26.24061121
294	291	8.152380584
294	293	127.7082516
294	294	22.06064569
295	295	15.13186309
295	870	8.36842806
296	297	1.475833822
297	298	0.040817205
298	298	149.5999599
298	324	305.2698267
299	869	16.34585903
300	304	62.0528469
301	302	2.681395953
302	312	17.23590944
303	301	100.1019371
304	872	51.71000195
305	328	20.78385447
306	1265	50.9799074
307	1020	15.77089056
308	1021	85.77694601
309	1024	77.65882368
310	875	7.996100381
311	295	30.34285826
311	311	7.584770255
312	299	42.11774226
313	459	269.5744183
314	313	62.87348478
315	1003	108.3720118
316	319	234.2078672
317	316	420.7911544
317	320	316.1333775
317	570	353.060788
318	320	341.6938578
319	877	432.8239615
320	316	104.6577769
320	1260	100.9838728
321	541	80.69041553
322	322	18.1589258
322	601	565.8667246
322	653	91.76004293
323	657	3.495867359
324	324	39.09945791
324	396	1234.56658
324	929	413.7113753
324	1133	162.5701922
325	1162	30.18105836
326	1016	34.23894044
327	326	55.61451501
328	1017	54.40444549
329	305	10.4156574
330	332	50.7563405
331	1033	8.507110531
332	883	26.64112373
333	1041	8.292885582
334	334	219.0893645
334	335	289.4220256
334	495	525.8103024
334	983	135.1879909
335	334	282.3287425
335	335	20.26920984
335	983	142.4562465
335	985	769.4906548
336	336	88.14003883
336	570	442.1032769
336	985	70.24571917
337	419	53.46643272
338	186	206.9960103
339	1990	92.43512621
340	1994	29.69488372
341	674	328.3015572
342	394	211.704382
342	977	515.0699933
343	627	16.70173666
344	1099	5.731269545
345	834	189.8766539
346	708	1720.055694
347	347	121.4396505
347	348	23.80213148
348	450	66.62157565
349	1126	109.0898901
350	398	29.8928025
351	52	104.7702755
352	57	103.4177224
352	717	104.896847
354	1129	555.6129659
355	361	135.6553081
356	355	118.2232645
357	356	1005.513241
357	357	718.6872498
357	360	2138.690332
357	361	627.6239485
358	357	74.12038501
359	358	339.6257273
360	357	2138.303854
360	360	35.89267382
360	361	746.5201584
360	362	556.881587
360	366	669.1223276
360	367	118.0800102
361	357	628.0145854
361	359	94.91051313
361	360	746.8120415
361	361	56.33128816
361	1132	276.5279376
362	363	76.82599946
363	359	369.8793773
363	361	274.9688641
364	260	13656.00532
364	364	224.0838671
364	372	1098.254691
365	1136	427.4937604
366	1128	91.47687819
367	360	126.6710406
367	367	235.6481123
367	370	16.21557918
368	369	72.08600044
368	373	2632.389686
369	368	72.08600044
369	370	1.055600415
370	367	16.21557918
370	369	1.055600415
371	1131	23.96110607
372	364	1098.254691
372	374	210.5082036
373	368	2632.389686
373	374	84.2214594
374	372	210.5082036
374	373	84.2214594
375	378	85.58796992
376	375	1.191318226
377	975	120.7354463
378	380	626.9882161
379	559	1480.144006
380	379	633.1495852
381	376	135.370717
382	694	268.6179476
383	1138	241.8607661
384	970	353.1550379
385	44	256.5208992
386	927	156.5175661
387	894	46.43767742
388	204	25.33936459
389	591	46.90292258
390	382	1239.383422
390	390	249.4319311
390	1138	285.3757557
391	341	307.5785608
392	1139	798.6109144
393	966	1273.9853
393	977	104.3334965
394	342	211.7040375
394	1048	557.4280198
395	283	3783.707318
395	1048	1153.607097
395	1061	3248.690012
396	324	1221.374337
396	735	86.61739508
396	1180	460.8113805
397	1093	68.01184521
398	54	14.56025348
399	351	53.10115471
400	219	1671.777801
401	401	17.73017182
401	999	118.521671
401	1271	3.339961022
402	633	57.70171199
403	402	32.59201158
404	403	40.62671083
405	58	110.6957275
405	405	24.83822122
405	496	311.8289038
405	926	467.5739254
406	406	62.1875229
406	417	65.01305127
406	517	5113.811559
407	1225	85.25951346
408	1826	128.5148336
409	25	596.6269308
409	409	333.021377
409	640	488.5754782
410	2679	878.9013589
411	783	884.3688519
411	1259	57.70567999
412	8	4.17965122
413	821	100.0158619
414	684	521.797487
415	415	183.4075292
415	1100	929.2557523
416	550	1396.458904
416	1106	2043.750165
417	406	65.01305127
417	446	4807.775145
418	76	64.09451662
419	984	0.410796497
420	421	39.78283928
421	107	959.6806268
421	421	15.64088372
421	474	102.7468448
422	1280	149.7710561
424	1263	0.509342637
425	425	301.4048192
425	429	1804.031899
425	431	2396.969818
426	426	51.77364523
426	428	254.5300271
427	426	474.2741642
428	430	551.1513299
429	425	1415.46924
429	429	411.5042238
429	431	895.2653814
430	427	264.0944469
430	430	166.2101781
430	431	67.26197536
431	429	708.6478016
431	430	60.87792535
431	431	192.1841014
433	112	4885.45348
433	433	27.11957344
434	990	234.6997013
435	598	288.7003959
435	2703	1.529937335
436	1147	2039.660946
437	437	3.095066539
438	626	21.81698438
439	1053	244.8531001
440	482	1.576150804
440	1240	1085.473496
440	1242	2512.876352
441	433	4100.193416
441	441	764.7809764
441	904	9899.692865
442	808	17.93005809
443	1596	3.562708057
444	444	515.5491794
444	2699	2869.541043
445	445	870.861169
445	1062	1173.673218
446	417	4807.775145
446	610	105.0296593
447	447	154.3994144
447	702	496.6046598
447	2700	981.4058847
448	565	386.2360439
448	1050	410.1833554
449	2682	70.10260474
450	346	633.3654679
450	1059	223.0389487
451	451	74.09659982
451	549	1743.573569
451	577	1667.497399
452	55	2.066463001
452	452	0.27677708
453	346	842.5519407
453	1059	58.06655183
454	60	13.77458065
455	107	1042.485337
455	421	68.05608131
456	124	48.59189796
457	820	1309.755876
458	457	48.4683697
459	322	16.06600417
460	1182	124.4949491
461	154	2.650636713
462	462	224.4440278
462	486	462.8292963
462	555	427.8013173
463	69	8.202554265
464	58	2121.791667
466	461	50.58169089
467	464	19.6659415
468	462	298.7077573
468	468	30.42653708
468	486	507.6805493
469	469	36.76369882
469	615	346.5430916
469	1154	323.1934223
470	462	221.2361714
471	607	40.1768122
472	14	0.245755528
472	613	77.35851313
473	455	66.59814365
474	1015	74.36829369
475	473	34.82592521
476	949	618.5767601
476	954	569.806225
477	951	67.25154901
478	482	138.4549761
479	1236	694.9806687
480	483	27.00535752
481	711	251.6383868
482	440	1.576193569
482	1244	383.4808668
483	921	553.6502845
484	480	2.46088793
485	484	58.83401331
486	156	380.6094471
486	486	233.6322359
487	487	9.559308917
487	488	15.1774833
488	411	101.8736754
488	488	15.6443369
488	710	12.21345846
488	783	962.3364014
488	937	499.1775015
489	487	214.037151
489	489	11.91820147
489	609	2233.930602
489	811	12.66768694
490	1255	73.21496722
491	65	39.72177112
491	491	7.817423199
491	502	13.86681695
492	475	313.5905091
493	245	112.5267536
493	493	145.7962799
493	608	97.298372
494	494	13.38074789
494	950	285.5506948
494	1247	1412.8579
495	334	513.685483
495	495	1969.999005
495	600	2241.446909
495	1127	4785.698399
496	53	45.53809992
496	56	42.28764775
496	246	1030.445784
496	405	313.6386183
496	496	96.44952564
497	1282	478.6225304
498	864	213.217855
499	88	24.33680622
499	145	92.54819849
500	383	31.43957146
501	513	67.06420322
502	491	13.79801786
502	939	19.32758099
504	723	424.3324595
504	974	121.8494644
505	507	55.25199243
505	753	787.1207069
507	505	55.25302051
507	814	4053.872386
508	508	0.033299138
508	641	0.033642187
508	668	10.76402827
509	36	1.309677106
510	1009	0.790217489
511	813	1.689729141
512	512	122.5930734
512	925	133.868774
513	513	118.8963074
513	520	506.2166929
514	1246	10.70712015
515	110	79.68218079
516	448	656.8422986
516	516	218.9699121
516	557	517.6112475
516	950	550.6311087
517	406	3974.164277
517	445	26.09736121
517	517	19.28984919
518	485	0.868153744
519	685	1354.790345
520	520	18.64135062
520	673	477.2518885
520	1000	210.6619545
522	681	1.956753221
523	522	1.362151306
524	327	12.15903751
525	205	10.65535547
526	1151	122.698224
527	519	12.98750777
528	1163	1018.588051
529	136	96.86811722
530	43	186.3034389
530	530	4.170274927
531	652	1066.422032
532	321	138.6893341
532	532	1.932212654
532	713	21.30880297
533	284	904.155633
533	289	432.2663946
533	533	15.47468415
534	534	10.05731596
534	1168	270.9497572
534	1186	330.2704519
535	535	3243.318253
535	1181	3727.91218
537	203	62.26209707
538	47	161.0865517
538	691	384.8196148
539	2567	36.50152286
540	240	116.910863
541	605	116.637938
542	1207	59.89749019
543	543	8.525129913
543	579	385.8617916
543	701	15.40614251
543	1058	1199.654321
544	1292	113.2496365
545	1141	54.72725989
546	0	4248.765326
546	87	178.8650565
546	546	61.4076897
546	2693	1089.891801
547	229	217.6949709
547	547	0.152147714
547	1157	245.6378417
548	608	3.366603966
548	762	209.9970528
549	81	1951.216343
550	416	1396.119972
550	603	1262.919987
551	121	51.92134868
552	1272	209.7125265
553	129	409.4635352
553	723	83.54771147
554	39	2.874586409
555	467	169.3383802
555	555	181.4183397
556	498	2391.281834
556	556	73.43182484
557	557	35.01620627
557	682	3.157734205
557	950	143.9513757
558	1150	53.38256509
559	150	834.3663529
560	561	8.840944106
561	584	174.4347339
562	173	86.36106438
562	174	48.45200351
562	562	48.04728517
563	563	8.091881659
563	596	1712.418717
563	698	208.2857886
564	800	1174.838328
565	516	1041.61479
565	565	20.71025115
565	617	5112.556043
565	708	3315.591313
565	1050	1289.54739
565	1060	2240.936888
566	585	130.8280307
567	454	38.60552353
568	11	136.3908254
569	947	645.2339378
570	317	355.3676536
570	336	438.4639155
570	495	1908.105972
570	570	41.85832193
571	571	29.72990517
571	909	281.6095555
571	948	40.89976418
572	540	8.720286174
573	113	2218.031166
574	81	1290.299487
574	460	2393.690237
574	574	14.76604274
575	246	245.1742956
575	350	415.321704
576	513	708.2271365
577	80	509.2741096
577	451	1226.063714
577	577	28.70005622
577	1191	564.23294
577	2702	41.69554693
578	578	7.692980324
578	579	626.4191483
578	597	89.69247547
579	543	198.5390305
579	578	630.0858917
579	579	185.5703381
580	531	161.6577098
580	580	52.23121802
580	651	527.1924141
581	576	73.5645639
582	244	222.2366263
582	1234	65.68666251
583	183	27.25878997
584	594	105.6716892
584	932	274.6255821
585	794	110.5931392
586	1049	305.4591123
587	560	0.025727129
588	743	95.15786716
589	223	385.9531036
590	1272	348.7939033
591	589	54.57738426
592	1134	16.45182255
593	1252	0.963420825
593	2363	69.83368493
594	594	81.89029584
594	790	41.71339469
594	932	168.9538929
595	577	1.252024661
596	563	1715.235943
596	697	42.9915232
597	578	89.61620416
597	2691	3.964004946
598	435	288.7003959
598	690	274.2210594
599	881	138.9812725
600	600	1551.650266
600	942	582.5713989
600	1127	2544.25149
601	1002	86.42689215
602	550	1441.501114
602	602	14.10677116
602	698	394.0990833
603	602	0.696897034
604	572	18.19424244
605	1283	113.95184
606	997	368.1895642
607	468	279.184588
608	245	51.0154602
608	548	3.366663845
608	608	15.41164975
609	65	529.0154013
609	74	196.462533
609	489	2221.451928
609	609	161.3871718
609	612	157.6681578
609	1185	831.3504214
610	446	105.0296593
610	1058	145.6888099
611	1169	118.9269559
612	1158	487.8656309
613	472	77.1636679
613	613	9.195036975
613	717	144.7887787
614	1196	644.4984678
615	384	140.3767997
616	940	42.18291151
617	347	432.5809786
618	671	687.9534788
619	1793	343.4364862
620	620	36.87657827
620	1711	1087.609795
620	2193	2780.649024
620	2205	2276.599216
621	1014	91.1525719
622	1211	2.046535673
623	623	1.191176323
623	1629	23.83681347
624	1269	64.26827369
625	1811	2.3471627
626	529	795.2747148
626	626	119.6942415
627	551	18.13027723
628	35	2367.458027
628	67	1084.193792
628	628	35.40493867
628	1010	14.20064557
628	1185	998.7867709
629	646	181.6628539
630	631	15.92700998
631	261	5927.733621
631	631	233.6649244
632	789	550.9837725
633	1231	141.2429672
634	1230	1047.791116
635	122	43.10513644
636	781	141.8502253
637	807	1150.230081
638	791	105.0343823
639	1248	99.41065346
640	620	2756.710361
640	640	37.23307882
640	1715	1410.152804
640	1755	466.8118368
641	747	7.552817573
643	734	27.30980599
644	644	5.307527873
644	1234	20.88093602
646	978	6.16425094
648	979	8.71817082
649	649	3405.833606
649	730	14072.01482
649	1229	2347.498662
650	586	550.090074
651	737	149.2344562
652	652	134.4520806
652	787	390.0710555
652	788	6157.286634
653	532	103.1995342
654	669	19.6637002
654	965	55.23128456
655	656	18.22784968
655	814	20.514513
656	80	3810.680039
656	655	18.22767961
657	884	20.80488577
658	78	164.5803551
658	257	299.1494474
658	658	32.26659476
658	956	38.4600288
659	1564	2.06171227
660	1241	117.5892785
661	660	31.30378517
663	1005	8.745640813
668	508	11.6012949
668	751	73.0024222
669	654	19.66443003
669	747	33.93472656
670	733	197.1495052
671	564	1575.142078
672	1960	7.934898799
673	520	462.4432867
673	673	90.25232851
673	705	307.3335169
674	842	42.96146402
675	89	1.984034641
675	145	31.74851513
676	592	176.1018431
677	285	36.42817743
677	1102	589.6157066
678	280	14.01561214
678	286	215.8997023
678	1113	115.7100089
679	942	1801.228482
680	78	1809.277501
680	1043	50.3409447
681	1164	177.2460195
682	516	123.1203501
683	42	46.88696236
683	683	14.59915208
684	986	468.5030785
685	685	961.4708238
685	897	5488.794
685	1151	2404.482985
686	1063	36.77178661
687	444	5492.482492
687	1121	23.86805278
688	829	5.366024855
689	117	449.3869075
690	598	274.2210594
690	650	2070.245431
690	690	202.0511667
691	538	380.2067377
691	691	20.73291165
691	762	112.9367991
691	1134	201.2632535
692	1681	95.58726462
693	1683	106.7368713
694	1250	606.988141
695	1217	1.835400164
696	442	0.318121222
696	696	0.317941945
696	809	69.43503056
697	596	42.99277175
697	697	8.822392137
697	2693	1649.710253
698	550	1657.127559
698	563	208.3270519
698	602	215.626445
699	1051	8267.913712
700	905	1870.546734
700	1001	424.316166
701	447	1171.871502
701	543	15.43424636
702	447	646.992414
702	1057	938.0587152
703	638	599.3777204
704	278	203.9030886
704	705	13.97916593
705	673	425.263174
705	704	14.20178136
705	705	27.86242393
706	178	396.5800075
706	180	242.2984973
706	706	190.4856368
707	91	241.8894877
708	617	1706.244428
708	708	99.030294
708	742	2037.472336
708	1268	153.1702408
709	1222	79.28032449
710	154	63.95770323
710	489	217.1342051
711	906	75.29128456
711	907	406.1133003
713	318	477.2927226
713	532	21.2357867
714	6	1.743160188
714	75	638.0396613
715	964	6.892570301
716	88	273.6083724
717	352	104.8508121
717	613	160.5609283
718	511	14.69332029
719	719	15.69422793
719	1156	25.86678206
719	1224	353.7189527
720	622	16.35344368
721	1252	7.221293071
721	2355	26.38986474
722	2336	6.168874663
722	2342	1.59524669
723	504	430.72914
723	553	83.78213968
724	2299	3.04363383
724	2380	12.74751613
725	2300	7.956288239
725	2381	16.16192268
726	2272	12.11581838
726	2378	4.573850177
727	2313	8.076915972
727	2369	6.60596839
728	2271	6.360944208
728	2274	75.60327038
729	618	1041.948296
729	729	4377.332146
730	649	14072.01482
730	801	2344.120539
731	494	404.6382505
732	913	17.204221
733	784	1170.898551
734	1006	51.50196397
735	396	86.6111597
735	966	98.39923743
736	759	14.87288077
736	1121	1941.613735
737	630	2894.99394
740	741	137.0073923
741	138	3.64217311
742	143	1.819885962
743	1052	214.6127907
744	1307	29.86995136
745	939	4.151574812
745	1010	200.0053669
747	508	7.540917939
747	669	34.40291472
748	86	136.8477008
748	2692	10.84942219
749	749	0.304568541
749	752	0.770985847
749	2692	115.5638221
750	90	284.2194372
751	77	96.43264052
751	668	73.8521921
752	750	24.55553733
753	505	787.0947361
753	753	54.70025569
753	754	232.0912294
754	753	232.3295895
754	754	30.16542772
754	1001	791.0419419
755	510	3.784453309
756	756	286.8791066
756	882	917.4343611
757	1172	12.89686606
758	492	523.5539619
759	736	14.87288077
759	863	3829.277259
760	123	64.1792994
760	760	9.805890781
760	1135	32.76705585
761	123	77.10766489
761	810	45.73524068
762	215	293.106498
762	548	282.2101079
762	691	83.65837085
762	762	89.4639622
763	695	1.130237081
764	251	9.171639908
765	767	27.41521825
766	707	234.5122417
766	766	0.380792748
766	1210	3.636131827
767	255	188.0760046
768	1216	7.030947479
769	1213	2.435594695
770	177	1441.168674
770	770	260.3278168
771	663	55.45483956
772	1839	44.66574828
773	127	392.5905534
773	556	1466.564577
773	773	114.6157028
774	70	207.6246495
774	774	41.17539715
774	811	908.9567941
779	946	11.38313679
781	158	441.9774397
781	170	104.2041411
782	1197	858.7697181
783	411	599.4923915
783	783	295.4244058
783	1226	132.7215681
784	699	72.24309846
785	300	47.87191587
786	810	99.46014985
786	1195	3.805517085
787	788	4328.33809
787	893	289.5272036
788	1007	445.7038136
789	580	1063.693967
790	565	294.0507956
791	782	150.7352994
792	604	16.35226359
793	1221	110.1081305
794	133	106.0005854
795	77	134.7356267
795	86	1.297158707
796	797	70.08731603
797	963	696.4526237
798	796	1402.387585
799	637	113.090691
800	799	876.5534244
801	730	3106.454502
801	801	298.082936
801	1258	2905.405806
802	444	1451.28067
803	391	2245.354172
804	889	166.8417986
805	182	33.88539646
807	801	281.0935959
808	67	1516.722148
808	974	159.4381675
809	67	396.4139412
809	628	2014.967093
809	696	66.70975836
810	761	45.64066247
810	786	99.60085501
811	154	162.932074
811	490	0.991991132
812	386	73.12088112
813	200	31.61242998
814	507	4056.73932
814	655	20.51470439
815	220	48.41986804
816	413	12.29291291
817	231	335.3712956
817	924	172.4659797
818	980	33.41135007
819	243	802.1599806
820	662	1089.315483
821	821	6.358835409
821	822	9.011302807
822	199	7.926727598
823	1219	27.93457219
824	768	17.98728767
825	941	54.86791037
826	523	173.4919913
827	826	18.78505357
828	264	18.72993551
829	849	12.57629645
830	1124	69.43942125
831	839	850.8360195
832	848	15.77844657
833	343	7.10807776
834	868	171.3041219
835	867	138.5026355
836	1080	126.4271236
837	1079	18.56358936
838	1066	61.3634583
839	859	345.8582298
840	147	40.87721329
840	148	43.14569009
841	1098	20.11899861
842	1091	229.7051602
843	830	175.5379927
844	415	243.2159334
845	845	173.4579733
845	1119	192.0436847
846	845	77.34473758
846	846	11.61380395
846	1120	113.6730022
847	892	805.6609421
848	831	254.6006283
849	120	127.7176579
850	833	7.20738616
851	853	51.67654193
852	349	50.11440403
852	852	17.1576492
852	860	700.9290681
853	434	130.5984466
854	851	38.75137867
855	31	3.775222717
856	857	20.62728299
857	1094	471.6675948
858	349	89.7353828
858	852	39.62097878
859	344	115.3954513
860	852	700.9290681
860	862	3112.709003
861	862	1263.228561
861	863	3104.641455
862	860	3112.709003
862	861	1263.228561
863	759	3829.277259
863	861	3104.641455
864	497	178.7597656
865	1088	295.6774083
866	232	366.4116802
867	345	365.5746854
867	867	306.1637361
868	1092	257.7692305
869	295	99.99164075
870	294	47.28213913
871	296	66.39547191
872	144	5.272665675
873	330	29.05560959
874	785	6.105688833
875	875	24.48625157
875	1026	108.0918839
876	310	30.40644523
877	713	51.89785245
878	256	207.5128402
878	878	144.7173177
879	878	3.724494875
880	632	1103.036582
881	1261	408.6711848
882	882	663.068945
882	1127	1842.319646
883	1267	38.87629339
884	874	342.8819541
885	325	8.619441518
886	873	27.86045965
887	187	28.31639626
888	887	1.595224528
889	190	43.55576569
890	890	748.2365835
891	1199	7938.221468
892	858	559.368949
893	599	149.6548398
893	893	65.77453384
894	389	177.0329966
895	895	1024.747414
895	1137	782.2890082
896	82	4974.408025
897	770	3002.183381
897	897	370.040959
897	2694	516.8461105
898	109	315.0126361
899	185	86.07496545
900	410	1590.973544
901	903	101.6122627
902	900	182.977583
903	902	212.2820367
904	904	2199.481544
904	976	4136.759961
905	700	1867.101682
905	2691	125.6678879
906	711	75.09776243
906	732	258.0208126
907	908	425.491178
908	571	273.9793765
908	948	196.3532045
910	1167	6.152118519
911	918	22.71429206
912	661	489.8868461
913	954	3.890180874
914	917	10.92574102
915	420	9.017414769
916	944	457.2860315
917	911	31.59173072
918	1184	365.5380112
919	478	164.9744657
919	919	38.20669432
920	571	604.8105675
920	948	645.7103317
921	914	2.423962974
922	916	4.478236883
923	202	21.28656666
924	817	172.3074366
924	924	9.614979967
924	1189	677.6047655
925	209	70.26187112
926	55	119.4135923
926	405	475.5957897
926	509	0.172743468
926	926	0.172732436
927	2701	49.39321366
928	45	5.859582201
929	324	92.3759485
929	929	210.5037387
929	1180	351.2463259
931	448	517.5107219
931	516	850.8599919
931	931	30.43718496
932	931	170.8249453
933	933	0.226876158
933	1069	39.15204067
934	530	256.5885471
935	554	4.337802288
936	825	197.5792442
937	13	105.0792476
938	217	20.04443427
939	502	18.43106217
939	745	4.152011358
940	32	17.85659946
941	197	46.28150771
942	942	205.6491464
942	987	190.4276693
943	101	13.7018012
944	920	234.9584023
945	102	8.100808975
946	960	98.17263818
947	2102	1545.74341
948	571	47.8962669
948	898	453.34068
948	948	7.985208899
949	906	230.0988494
950	494	174.3191892
950	557	216.0703987
950	950	205.6637452
950	1243	1181.896511
951	1054	86.46327075
953	779	47.96842605
954	943	51.84864886
954	949	48.7705351
954	954	14.24783045
955	562	241.8098847
956	658	22.58478086
956	670	1626.854296
956	956	1000.515159
957	958	6.88640999
958	1068	226.5109232
959	234	12.52850552
959	235	59.8950372
960	1148	9.038348411
962	162	655.7934522
962	962	7.171576022
962	1178	44.27494346
963	649	17516.12479
963	963	162.369988
963	1144	793.070636
964	716	53.77322088
965	89	125.333441
965	654	55.20936622
966	393	1273.940553
966	735	98.36431201
967	273	1.67199642
968	276	19.41595226
969	934	323.6628983
969	970	172.1450756
970	275	117.3724769
970	934	151.5178227
970	970	11.64165016
971	967	10.43173206
972	969	21.50456377
973	274	28.49937405
974	504	120.5939996
974	696	177.5673409
974	974	86.50932996
975	381	64.43930833
976	357	2601.290681
976	976	1189.412715
977	342	515.2562268
977	393	104.5729538
978	648	4.567947397
979	818	7.21383468
980	643	12.46722902
982	307	2.421631172
983	334	139.872496
983	335	109.8162904
983	983	84.91722069
984	365	342.8618881
985	335	769.7466633
985	336	70.27603286
986	1011	180.020057
987	1036	73.6995677
988	982	17.15071389
989	989	20.26129301
989	990	103.2529762
990	990	103.1013633
990	1101	118.4477023
991	93	987.3704886
992	991	2.836725649
994	645	2.160262419
997	685	448.3042298
998	526	561.4783986
999	401	134.2340679
999	1000	52.64651403
1000	520	208.8389225
1000	999	52.53493819
1001	146	1193.092098
1001	700	422.0748823
1001	754	926.5006198
1001	1001	432.0577406
1002	679	66.41093038
1003	314	54.16955184
1004	994	1.995797587
1005	1004	2.073521593
1006	639	10.45720018
1007	535	1815.527763
1007	1007	1667.500395
1008	524	3.939260025
1009	1212	2.609373262
1010	628	13.9248218
1010	745	198.3765552
1011	616	16.56770899
1012	33	72.13712374
1013	1257	47.98351245
1014	385	101.7035362
1015	1278	1.821589995
1016	1018	52.49860534
1017	306	18.96626615
1018	988	23.18014252
1019	885	5.240733606
1020	1143	21.1206346
1021	1022	37.70023002
1022	1023	60.69971925
1023	309	35.3280428
1024	1025	73.67557349
1025	876	16.94817432
1026	875	107.7397382
1026	1027	266.7251263
1027	1026	265.8419709
1027	1028	57.9206398
1028	1027	57.91780381
1028	1180	387.5008172
1029	886	124.639267
1030	1031	7.38389064
1031	1032	32.30384812
1032	1029	21.49145238
1033	1030	35.06558202
1034	331	46.67321718
1035	1039	60.78532195
1036	1038	40.47968509
1037	1040	43.93127999
1038	1037	82.88560548
1039	1042	15.76714929
1040	333	55.6518107
1041	1035	18.60561143
1042	1034	48.49443736
1043	7	132.2537835
1043	680	51.08895118
1044	1045	45.47809701
1045	7	470.559964
1046	1044	99.77201084
1047	1046	385.3935679
1047	1047	44.88205581
1048	394	557.4336429
1048	395	1153.550919
1049	574	526.3537693
1049	1049	12.89615578
1050	516	70.68734977
1050	1050	291.9812995
1050	1286	954.700541
1051	1051	478.6510152
1052	1194	12.62243779
1053	587	132.6346493
1054	919	947.4796371
1055	181	0.783638264
1056	338	179.6393556
1057	545	33.79244883
1057	702	939.9488519
1057	1057	49.9823279
1058	543	1208.17945
1058	610	145.6888099
1059	81	3355.287687
1059	450	151.119921
1059	574	2550.633835
1059	1122	61.41213244
1060	436	194.8005644
1061	283	408.8565005
1061	395	3248.581275
1061	1061	126.1608059
1062	802	883.0571086
1063	1064	13.71134107
1064	933	184.051041
1065	686	50.64885032
1066	1065	8.613029518
1067	838	56.51290599
1068	1067	15.6688612
1069	1070	47.39786544
1070	1071	149.0231346
1071	1072	71.85648387
1072	1073	103.6732361
1073	835	157.4851355
1074	957	51.1192704
1075	1074	21.23779764
1076	1077	4.650460018
1077	1075	48.15721357
1078	1076	25.79486079
1079	1078	18.33990844
1080	116	34.99916571
1081	836	174.6797833
1082	1081	61.36381107
1083	1082	150.4213338
1084	1083	17.48082757
1085	1084	36.02587669
1086	1085	369.4551469
1087	1086	59.57105567
1088	1087	62.80069543
1089	1090	7.706154686
1090	865	444.6187059
1091	1089	58.75456766
1092	841	10.34876368
1093	847	110.877126
1094	397	27.0363233
1095	1096	10.81923881
1096	850	19.3561024
1097	1095	65.00863065
1098	1097	113.0494425
1099	844	621.2818952
1100	854	66.25651836
1101	989	120.2816541
1101	1101	15.23165084
1101	1102	39.7680966
1102	677	589.5806315
1102	989	223.9171716
1102	1101	53.19870729
1103	149	91.70742176
1103	277	17.09866756
1104	846	110.7103179
1104	1104	4.274600455
1105	416	1981.941801
1106	287	2310.132362
1107	1105	198.7004347
1108	1107	333.9401015
1109	1108	212.685562
1110	1109	285.8881664
1111	1110	806.8370052
1112	1111	235.9887004
1113	286	100.1896934
1113	678	114.5158614
1113	1113	100.8254811
1114	1113	22.56383028
1115	1117	28.07651576
1115	1251	68.30784157
1116	1115	28.12926942
1116	1116	3.050582406
1117	1117	3.087366719
1117	1118	12.17893955
1118	1116	12.17908335
1118	1119	172.4462452
1119	289	510.3399513
1119	1118	128.3974982
1119	1119	9.559271834
1120	147	418.2454184
1120	1120	4.337662921
1121	687	23.86805278
1121	736	1941.613735
1122	450	83.88302202
1124	832	274.2848596
1125	132	26.4060371
1126	843	10.88642652
1127	882	1179.036741
1128	354	638.9676781
1129	337	6.718498124
1130	1130	13.5671316
1130	1241	38.39681755
1130	1243	805.5931956
1130	1247	402.2732267
1130	2506	1926.757997
1131	360	561.2352555
1132	371	16.37752447
1133	323	24.53392525
1134	691	167.6394191
1134	1134	90.08769115
1135	463	13.84356627
1135	1135	6.928829713
1136	377	102.7809514
1137	500	137.6851276
1138	390	285.3756404
1138	1138	278.0544822
1139	896	2999.261117
1140	30	204.1542501
1140	1140	31.41142635
1141	1056	19.30420329
1142	308	110.7168473
1143	1019	4.344672826
1144	891	169.3957893
1145	82	4454.134875
1145	1145	27.97716103
1146	282	3351.080146
1147	573	283.8930086
1148	771	24.17806191
1149	441	874.696081
1150	195	207.1655965
1151	897	3149.377341
1151	1151	19.5637077
1151	1160	1745.69507
1152	1188	19.98025794
1153	229	650.9633829
1153	547	433.2684121
1154	530	525.9575279
1156	547	337.6137977
1156	719	25.51559735
1156	1156	12.61532697
1157	588	128.0388662
1158	412	32.84763951
1159	163	317.4966173
1159	998	42.80625214
1159	1159	195.994593
1160	1176	59.46021189
1161	1156	114.6469329
1162	1142	6.429196115
1163	644	746.1263546
1163	1163	26.65160707
1164	938	51.02342404
1165	235	991.8199832
1165	959	926.5498183
1166	244	38.10159293
1166	245	25.91872329
1166	1166	36.75159696
1167	518	649.8514111
1168	84	187.4128985
1169	94	666.0577573
1169	164	136.2468545
1169	1140	934.55335
1169	1169	42.74707089
1170	72	301.2107583
1171	774	322.7954045
1172	621	73.37779293
1173	1174	2.390560677
1174	1262	68.4071117
1175	4	12.85733718
1176	770	1407.193272
1178	231	49.70054434
1178	1178	75.59864925
1178	1224	360.545559
1179	1192	22.10918747
1180	396	463.2489343
1180	929	343.6132526
1180	1028	386.7363958
1180	1180	48.86180796
1181	1145	4379.184775
1181	1181	188.7008347
1182	453	20.09382872
1183	57	92.86417319
1183	155	937.244708
1184	912	6.74732889
1185	35	548.5175848
1185	62	1664.473591
1185	470	1888.761997
1185	609	306.1767318
1185	1185	37.24928293
1186	162	274.1133277
1186	534	333.6973662
1186	1186	78.01705016
1187	1173	122.3561987
1188	1193	2.664916574
1189	924	677.4912727
1189	1271	45.38124203
1190	49	149.6343459
1190	1190	25.81382101
1191	400	504.2576081
1191	577	606.2355048
1191	1191	62.67301466
1191	2702	410.3989164
1192	1152	1.03391117
1193	1165	5.469541079
1194	192	71.146928
1195	151	272.666336
1195	786	3.803179925
1196	703	240.6158721
1197	1249	4926.249044
1198	388	3.290564893
1199	634	207.2610378
1200	720	29.20723986
1200	1200	39.79628301
1200	1204	24.37833491
1201	1187	45.9851757
1202	50	95.35750875
1203	407	41.30048773
1204	1190	90.45704489
1204	1200	23.61093712
1204	1204	54.5658525
1205	1206	10.82557141
1206	1208	5.931866775
1207	766	87.44471993
1208	1202	144.6562433
1209	1205	0.309002506
1210	769	4.507834126
1211	1209	10.0696156
1212	201	6.486174345
1213	718	13.34762308
1214	1218	42.58245964
1215	816	58.02639882
1216	763	5.622386523
1217	793	84.44394858
1218	823	0.427911318
1219	824	0.977571545
1220	29	98.04598351
1221	923	79.31065884
1222	1223	0.544870504
1223	1201	36.44732882
1224	231	126.7947664
1224	962	672.0848287
1224	1161	122.2737622
1224	1224	107.0118599
1225	1190	526.6150798
1225	1200	385.965879
1226	1228	12.13106718
1227	1204	452.6692906
1228	1227	12.97116715
1229	629	452.8558494
1230	635	264.5344598
1231	224	124.7411491
1232	992	2151.723342
1233	1013	27.74533227
1234	582	65.70628732
1234	644	19.97388396
1235	1233	6874.47703
1236	1240	541.2652824
1237	476	303.6712187
1238	479	178.8555254
1238	2109	162.0159397
1239	440	276.6199557
1240	1239	809.5293181
1240	1240	37.1567096
1240	1242	1390.246147
1241	569	269.8838368
1241	1130	33.90607392
1241	1241	175.8131451
1242	1238	645.5247691
1243	731	318.0111792
1243	1243	363.7175429
1243	1247	36.62377287
1244	758	765.7591658
1245	910	117.4858087
1246	111	3.647318143
1247	569	344.063002
1247	1130	35.78234763
1247	1241	34.13079105
1247	1243	39.60242602
1247	1247	368.6568049
1247	2506	593.0980388
1248	953	9.073459309
1249	895	2063.04215
1250	392	2121.618845
1250	1250	19.81870021
1251	1114	48.37625776
1251	1115	68.6066039
1252	593	0.963420825
1252	721	7.221293071
1253	2458	17.0807186
1254	408	132.9689151
1255	1256	451.8789719
1256	1171	40.4802794
1257	1232	20.57859738
1258	798	340.4669085
1259	710	64.15149945
1260	317	222.7849053
1261	756	1783.869068
1262	230	281.5410329
1263	108	175.1929213
1264	2618	2.73440767
1265	1008	2.583160509
1266	871	313.7319486
1267	329	0.681613017
1268	438	198.3105823
1269	1805	81.47018471
1270	528	83.03703372
1270	1270	9.468061925
1271	401	4.106110843
1271	1189	44.75725271
1272	46	384.0922459
1272	792	320.1623547
1272	1179	224.9015613
1272	1272	44.9937431
1273	1277	16.95362195
1274	1276	0.394750943
1275	2247	99.60161252
1276	567	4.395908814
1277	1274	11.08444061
1278	1279	1.885487226
1279	1281	391.7109973
1280	915	32.02947951
1281	477	139.4475519
1282	606	36.32440929
1283	1266	1.669566131
1284	1285	30.85940381
1285	1289	64.92070947
1286	1286	28.14264333
1286	1287	15.59840176
1287	1290	14.62923754
1288	1499	33.62503793
1289	1288	16.74708408
1290	1284	40.98777664
1290	1290	5.40734828
1290	1500	178.4066295
1291	544	100.9384169
1292	1293	21.73136153
1293	1401	4.848575845
1294	1438	28.57556281
1295	1443	9.794888449
1296	1398	7.174190671
1297	1440	0.011178772
1298	1447	6.230276027
1299	1459	5.135039561
1300	1302	97.00233802
1301	1412	4.000824643
1302	744	8.747043177
1303	1312	30.54985115
1304	1310	14.1512799
1305	1304	2.68767489
1306	1313	17.0489554
1307	1498	11.53939767
1308	1303	17.38619958
1309	1453	0.117362477
1310	1306	14.67917835
1311	1492	9.766514207
1312	1309	3.505827804
1313	1493	3.146005959
1314	1414	0.74560494
1315	1471	4.894176948
1316	1407	2.097642485
1317	1364	17.57774294
1318	1317	0.26274367
1319	1371	10.56284961
1320	1397	1.498492808
1321	1380	2.946055562
1322	1325	0.71913567
1323	1324	0.118238568
1324	1392	6.887004651
1325	1318	0.177925822
1326	1357	35.78759541
1327	1416	0.665481812
1328	1350	14.47014087
1329	1331	1.313233637
1330	1333	1.357385814
1331	1332	2.476537999
1332	1336	6.783697296
1333	1388	1.705691381
1334	1329	5.620124211
1335	1339	0.255208992
1336	1337	0.58669062
1337	1335	4.995828572
1338	1352	3.595379836
1339	1359	10.34298932
1340	1358	3.198203157
1341	1321	14.4046925
1342	1363	0.244033269
1343	1417	0.392452628
1344	1345	5.448872883
1345	1349	13.9149725
1346	1344	4.278642757
1347	1418	2.35064936
1348	1362	16.53168545
1349	1467	0.3911203
1350	1330	9.307634818
1351	1361	13.53789735
1352	623	75.44668345
1353	1320	2.141505056
1354	1415	6.346472543
1355	1375	0.435798122
1356	1408	3.232030534
1357	1319	1.939508832
1358	1365	0.857485337
1359	1351	21.86916768
1360	1322	3.928506638
1361	1338	19.77187015
1362	1341	2.745409782
1363	1348	1.349624618
1364	1323	2.575608192
1365	1381	1.442077225
1366	1378	1.250987228
1367	1355	5.3284417
1368	1374	4.147969994
1369	1326	10.24991198
1371	1360	39.15543947
1372	1390	18.72099117
1373	1353	6.480913937
1374	1393	10.86368133
1375	1394	5.624560804
1376	1367	0.714600152
1377	1427	10.88664887
1378	1424	3.352150046
1379	1376	10.47000998
1380	1340	4.397303873
1381	1389	23.68885918
1382	1429	7.192344551
1383	1627	2.295604597
1384	1444	10.5023973
1385	1491	0.818738657
1386	1439	1.36723291
1387	1404	6.286206306
1388	1334	1.064665618
1389	1328	11.47204178
1390	1368	14.02375242
1391	1372	10.84269728
1392	1373	7.676266495
1393	1369	4.927090994
1394	1406	2.928135682
1395	1377	1.294317068
1397	1342	24.53907024
1398	1420	6.781304532
1399	1437	7.085390089
1400	1441	19.0906067
1401	1382	5.618159402
1402	1506	100.7834632
1403	1402	27.43934132
1404	1403	54.93091324
1405	1387	12.02132124
1406	1395	1.655997158
1407	1413	1.647612482
1408	1494	0.204215085
1410	1474	3.894358171
1412	1356	7.822367644
1413	1343	1.051087063
1414	1475	8.970898064
1415	1366	5.856726143
1416	1316	13.16648624
1417	1421	8.132749943
1418	1379	10.15622405
1419	1315	2.672864501
1420	1428	9.061102259
1421	1301	3.787943001
1424	1327	0.00221541
1426	1434	8.062879756
1427	1354	11.14959605
1428	1446	3.971455011
1429	1386	9.800972089
1431	1432	17.11581046
1432	1433	4.269757713
1433	1400	4.945360568
1434	1436	30.93752273
1435	1445	5.566374165
1436	1399	1.059349474
1437	1385	3.527870759
1438	1426	26.89753757
1439	1431	17.54104358
1440	1448	21.21895069
1441	1294	9.55302513
1442	1295	20.95308288
1443	1454	18.54573035
1444	1442	7.443996171
1445	1384	13.53879477
1446	1455	3.486435627
1447	1299	24.99933158
1448	1464	3.196119615
1449	1297	4.646258871
1450	1487	12.49912885
1451	1490	8.429313942
1452	1451	1.805794753
1453	1305	0.790292291
1454	1296	8.478867545
1455	1449	10.92700365
1456	1488	23.62375178
1457	1481	9.281992975
1458	1461	11.87077857
1459	1478	24.24623863
1460	1470	4.632877845
1461	1479	3.142688111
1462	1458	1.231652272
1463	1483	4.667989221
1464	1298	5.066968862
1465	1482	13.76219931
1466	1419	2.421809926
1467	1473	18.55703598
1468	1495	0.373400675
1469	1497	0.699495158
1470	1469	21.3779356
1471	1347	2.494209965
1472	1466	5.005951193
1473	1472	14.46314876
1474	1485	2.480031355
1475	1410	11.91952604
1477	1486	7.255624452
1478	1462	20.68332768
1479	1460	21.85005059
1480	1457	1.167352749
1481	1456	2.139182462
1482	1496	5.038942036
1483	1465	15.23946125
1484	1463	1.824666758
1485	1346	0.389944985
1486	1484	5.192668641
1487	1489	5.438474479
1488	1300	55.09062669
1489	1452	8.166023459
1490	1311	2.159592443
1491	1435	11.0122773
1492	1477	7.117258145
1493	1450	11.79519346
1494	1391	2.606490323
1495	1314	0.677140051
1496	1468	20.75809099
1497	1480	11.63764579
1498	1308	6.601740514
1499	1291	59.7779335
1500	1504	171.8185668
1501	1502	23.76901493
1502	1503	116.4087794
1503	1405	1.252658771
1504	1501	135.7062536
1505	1508	30.21898504
1506	1507	0.853355089
1507	1505	11.07596018
1508	1509	38.99118355
1509	1525	9.936012252
1510	1511	17.05984199
1511	1619	6.089821524
1512	1516	0.918994288
1513	1553	2.685778282
1514	1551	1.822567332
1515	1512	1.910181037
1516	1517	22.9694099
1517	1513	10.91080711
1518	1519	9.536510486
1519	1520	13.4063583
1520	1531	44.76425135
1521	1514	22.02464414
1522	1620	0.853971532
1523	1521	9.477421785
1524	1523	3.166769532
1525	1510	7.066032749
1531	1533	21.23666758
1532	1554	47.78136534
1533	1552	1.13504412
1534	1540	5.858421846
1535	1536	2.377439303
1536	1562	0.582991465
1537	1546	11.77707125
1538	1532	8.614138702
1539	1549	21.33022302
1540	1535	2.544799657
1541	1543	3.748076535
1542	1545	3.135107524
1543	1539	5.343921768
1544	1548	5.625190768
1545	1541	4.17940401
1546	1544	3.166821304
1547	1537	1.288643088
1548	1542	3.010871743
1549	1565	15.61362542
1551	1515	1.482508327
1552	1538	9.130762511
1553	1518	0.327633524
1554	1555	67.19425414
1555	1556	14.95190717
1556	1558	38.97819183
1557	1559	97.43093202
1558	1557	0.602391715
1559	1561	109.3501737
1560	659	3.440967745
1561	1560	32.02662706
1562	1547	4.705601847
1563	1534	55.47487444
1564	1563	2.595904552
1565	1609	110.9888383
1566	1605	18.7304767
1567	1568	1.409158701
1568	1579	4.070263931
1569	1570	15.95238452
1570	1571	7.962149365
1571	1572	4.40158297
1572	1597	12.94036493
1573	1590	4.162553945
1574	1601	3.414973833
1576	1599	4.688046684
1577	1607	9.797618102
1578	1576	4.9578713
1579	1569	4.6105228
1580	1593	48.41316548
1581	1581	54.33842842
1581	1582	48.53795003
1581	2205	36.0405497
1582	1573	100.0604216
1583	1615	24.93012737
1584	1585	9.39653036
1585	1594	18.87194877
1586	1592	14.86644575
1587	2653	0.577836173
1588	1612	31.57289907
1589	1625	42.57488029
1590	1591	12.55745778
1591	1595	8.547321052
1592	1581	207.1190768
1592	2205	243.1596265
1593	443	1.315387777
1594	1587	6.529673521
1595	1613	22.85930854
1596	1586	4.033729228
1597	1580	94.39229874
1598	1602	3.525143963
1599	1577	3.371967168
1600	1567	14.89803142
1601	1606	22.32485255
1602	1600	5.16710183
1603	1566	21.30754174
1604	1608	61.86000472
1605	1598	14.50918711
1606	1603	1.595195164
1607	1574	17.12484418
1608	1578	13.65326292
1609	1614	3.13243876
1610	1616	2.302832136
1611	1589	4.142010524
1612	1611	0.458358579
1613	1583	11.52566819
1614	1604	11.84776955
1615	1584	18.92033676
1616	1617	3.719140353
1617	620	1839.684139
1617	1711	3261.626176
1618	1621	17.9672165
1619	1623	8.529275215
1620	1524	0.571077787
1621	1522	8.826903122
1623	1618	7.901206261
1625	1610	0.018947265
1626	1663	14.77695734
1627	1672	25.26311082
1629	1636	0.312273132
1630	1383	17.56775704
1631	1638	4.62590024
1632	1668	12.63530662
1633	1634	33.15084169
1634	1635	49.06232817
1635	1637	108.1441782
1636	1631	4.338161508
1637	1673	10.17967383
1638	1670	5.630364774
1639	1649	14.83580597
1640	1641	7.455795498
1641	1656	2.062663266
1642	1644	205.8064541
1643	1650	4.530938877
1644	1679	142.4296043
1645	1648	9.128517319
1646	1665	9.658383015
1647	1645	17.90191553
1648	1666	27.85273437
1649	1653	9.714595618
1650	1651	15.15683336
1651	1647	4.286838122
1652	1643	17.82652293
1653	1640	1.165987304
1655	1646	21.07155163
1656	1655	12.54671027
1657	1659	10.28947479
1658	1639	18.25154737
1659	1658	4.998271037
1663	1657	7.113346773
1665	1652	3.480507371
1666	1667	6.273091941
1667	1642	101.1735576
1668	1630	1.520585602
1670	1633	3.249257285
1671	1632	6.283999417
1672	1675	12.52506679
1673	1671	7.75642388
1675	1626	3.13394768
1679	1680	19.93499758
1680	692	106.4980905
1681	1682	51.41649169
1682	693	389.1638041
1683	1684	147.1174426
1684	1688	64.23194739
1685	1690	57.60810169
1686	1687	172.7441372
1687	1689	29.15203025
1688	1685	305.0606981
1689	1691	89.54392502
1690	1686	61.75782519
1691	1695	36.60506158
1692	1790	22.61852347
1693	1724	14.19864799
1694	1692	145.9528951
1695	1694	1.304327162
1698	1704	28.31386425
1699	1715	21.7951397
1704	1707	53.17858884
1705	1713	5.404521452
1706	1699	11.95645495
1707	1714	6.617441001
1709	1705	0.251279528
1710	1709	21.04303479
1711	1712	33.95940472
1712	1710	1.797807998
1713	1698	15.62741054
1714	1706	4.388341775
1715	620	1293.765957
1715	1693	3.088930846
1715	1715	0.028845538
1716	1725	12.66293705
1717	1716	8.717148256
1718	1730	0.60338943
1719	2659	14.61363291
1720	2660	29.33861464
1721	1734	1.394262098
1722	1749	2.332108543
1723	1727	2.607870045
1724	1717	23.43190061
1725	1729	7.481501819
1726	2656	50.39052654
1727	1726	8.478361016
1728	1723	5.640097617
1729	1718	23.10347104
1730	2655	3.934188402
1731	1728	19.48567183
1732	1731	10.06601259
1733	1721	1.960787086
1734	1722	6.919317563
1735	1733	11.2224356
1736	1742	1.837929316
1737	1736	9.722701536
1738	1743	6.331817036
1739	1746	2.453946925
1740	2661	8.210061465
1741	1747	12.31538324
1742	1732	13.39142403
1743	1737	2.184447522
1744	1745	14.35137689
1745	1738	8.907906844
1746	1744	6.978588528
1747	1740	5.900757614
1748	1741	6.175158337
1749	1748	14.28305885
1750	1752	20.47056338
1751	1754	472.1767559
1752	1753	48.68347693
1753	2658	0.563457492
1754	640	146.1056458
1754	1755	660.0438693
1755	25	935.0223267
1755	409	338.3953958
1755	1755	47.12638658
1756	1757	192.4899956
1757	1758	21.74457947
1758	1759	14.8202147
1759	1760	11.90179261
1760	1765	271.4364488
1765	996	66.78905091
1766	1822	18.75845522
1767	1823	130.7420516
1768	1767	4.870419925
1770	1756	356.1055355
1771	1770	108.9945555
1772	1771	344.5050233
1773	1774	114.0753849
1774	1772	220.1263844
1775	1773	13.79503485
1776	1775	0.685626962
1776	1776	26.60627146
1776	1794	440.5192021
1777	1776	84.9719663
1778	1779	12.14761751
1779	1777	50.91140485
1780	1778	11.61860023
1781	1780	27.64637971
1782	1781	38.9786323
1783	1782	113.4022722
1784	1791	26.17010433
1785	1783	79.24988117
1785	1785	21.20684208
1786	1784	44.86179741
1787	1786	73.74653022
1788	1787	125.1131185
1789	1788	19.27844
1790	1789	31.12054356
1791	1785	40.80921529
1792	619	825.2874224
1792	1792	52.29573655
1793	1793	209.6205665
1793	1796	137.7011697
1794	1792	118.2420487
1795	1797	28.92032177
1796	1795	93.98834587
1797	1797	14.5971715
1797	1799	14.804289
1798	1800	68.86030981
1799	1798	6.790142419
1800	1803	216.6363156
1801	624	343.7576953
1802	1809	3.293439581
1803	1804	213.2154388
1804	1801	2.518469811
1805	1802	0.408706059
1806	1813	0.137027311
1808	1842	187.5859529
1809	625	5.43892409
1811	1806	1.937185981
1813	1819	1.10670938
1819	1820	30.72138393
1820	1821	1.661215332
1821	1766	157.424436
1822	1768	90.65510957
1823	1824	184.3009462
1824	1254	24.5148736
1825	1830	26.22114576
1826	1826	22.4669481
1826	2672	45.72095677
1827	2677	10.71934841
1828	2670	31.64340832
1828	2673	40.2795994
1829	1825	132.5650667
1830	1831	55.54766169
1831	1832	41.10081308
1832	1840	97.32824775
1833	1834	73.37446811
1834	1835	56.51250719
1835	1836	100.4992305
1836	1837	275.0308386
1837	1841	59.08977128
1838	1844	91.97618759
1839	1808	2.758582873
1840	1833	19.02346279
1841	1843	33.45206082
1842	1842	25.54997156
1842	1847	35.7048013
1843	1838	85.15463559
1844	772	45.45119831
1845	1850	51.93677861
1846	1858	5.929261732
1847	1849	123.1850809
1848	1851	48.35708988
1849	1857	64.2240402
1850	1862	70.90151487
1851	1852	31.566677
1852	1871	5.22503045
1853	1863	69.56725102
1854	1861	44.99861208
1855	1856	19.06922925
1856	1866	8.548183143
1857	1859	5.586509137
1858	1845	9.819259861
1859	1846	6.964033686
1860	1854	24.23319305
1861	1865	23.16208642
1862	1868	36.71069131
1863	1860	25.34210508
1864	1869	209.6831202
1865	1855	92.09140358
1866	1867	51.05625907
1867	1873	35.46335443
1868	1848	18.3263481
1869	1878	18.25859884
1870	1874	110.1055361
1871	1872	197.8131416
1872	1853	75.69146216
1873	1875	121.325199
1874	1874	29.62752771
1874	1880	719.2613953
1875	1864	38.36115487
1876	1879	5.610082352
1877	901	190.9581863
1877	1877	88.36128714
1877	2384	308.088389
1878	1876	31.40786039
1879	1870	50.20295695
1880	1877	379.0808018
1881	2187	7.644332445
1882	1883	29.51463279
1883	2169	13.9101999
1884	2168	62.92959888
1885	1884	40.01367361
1886	2117	2.709045955
1887	1895	24.23168549
1888	1899	39.43689583
1889	2157	25.07699312
1890	2159	5.62800966
1891	1887	76.60304855
1892	2163	1.188457953
1893	1890	1.270572387
1894	2132	41.25561998
1895	2141	5.920805209
1896	2150	11.99717747
1897	2153	46.89271194
1898	2127	9.729787271
1899	1900	42.1330826
1900	1903	0.082495531
1901	1905	2.529097792
1902	1901	3.099109525
1903	1902	1.982717687
1904	2095	17.17513819
1905	2113	36.27355372
1906	1920	14.88196595
1907	2114	20.383324
1908	1919	2.624660338
1909	2116	5.57066492
1910	1918	2.797607447
1911	2092	10.20371492
1912	1924	2.97326782
1913	1911	25.95145947
1914	2147	84.80854639
1915	2089	8.749830855
1916	1915	15.26325427
1917	2086	27.30445963
1918	2093	12.45533906
1919	2094	1.955974185
1920	2096	1.430655468
1921	2098	7.031896503
1922	1928	41.12837256
1923	2073	23.21668662
1924	1929	5.050496376
1925	2083	0.891643983
1926	1910	1.747060436
1927	2101	23.03676932
1928	2075	21.63373053
1929	2087	2.830739338
1930	1931	11.49260211
1931	2081	45.60026073
1932	2080	20.78249599
1933	2079	10.21553918
1934	2074	33.79833277
1935	2069	21.66581794
1936	2058	51.28098675
1937	2062	60.41108374
1938	2059	59.51209959
1939	2051	14.23965616
1940	1945	8.8131798
1941	2057	16.40839624
1942	2056	1.287705982
1943	2049	9.407413697
1944	2048	5.135073854
1945	2046	13.90665014
1946	1943	65.14103258
1947	2034	21.79918395
1948	2033	34.16389634
1949	2029	166.5563364
1950	2027	40.68562424
1951	2016	21.58941736
1952	2026	55.79715953
1953	2015	5.284891363
1954	2014	0.9388231
1955	1954	0.105379085
1956	1999	7.255717725
1957	1958	0.222954462
1958	1959	5.175677811
1959	2021	0.088510728
1960	2011	18.53622687
1961	2002	1.78872371
1962	1961	7.727854935
1963	1998	8.044087977
1964	1991	65.56880473
1965	1964	19.41135849
1966	1986	27.48748404
1967	1968	51.51873212
1968	1985	177.1112526
1969	272	28.66400838
1970	1981	138.4628953
1971	1973	166.3151395
1972	1969	30.94198743
1973	1984	139.0274162
1974	2666	99.19293891
1975	1983	19.53693785
1976	2651	182.3922977
1977	2665	245.7059483
1978	1979	81.31258991
1979	1980	413.8563419
1980	1976	167.0802545
1980	1980	16.69054135
1981	1978	1048.836709
1982	1972	317.8856987
1983	1974	4.042091563
1984	1975	16.52663993
1985	1971	84.28882594
1985	1985	56.25238809
1986	1967	107.3804455
1987	1988	126.9059631
1988	1966	14.9337558
1989	1993	58.17925088
1990	1987	21.00923638
1991	1989	54.23997385
1992	1997	52.19461629
1993	339	29.73872923
1994	1995	11.07567567
1995	1965	9.896957968
1996	1963	26.23248654
1997	340	0.383134182
1998	1992	148.8015137
1999	2001	12.43663531
2000	2005	1.683415785
2001	1996	6.472754105
2002	1956	11.91378596
2003	1962	35.80633394
2004	2007	4.574622801
2005	2006	5.572180073
2006	2008	27.29617527
2007	2003	7.428190772
2008	2004	8.184403376
2009	2013	0.763024066
2010	672	35.59178752
2011	2000	4.227865713
2012	2009	21.85297798
2013	2010	8.130287393
2014	1953	0.125997655
2015	1957	23.76372273
2016	1955	19.38566334
2017	2019	14.97105051
2018	2023	15.76247102
2019	2018	26.62351951
2020	2024	30.95136088
2021	2012	11.05730349
2022	1951	7.609771907
2023	2022	21.67153997
2024	2017	9.616754979
2025	2020	28.66458761
2026	2025	34.54249462
2027	1952	29.66584363
2028	1950	25.32350708
2029	2030	44.42223831
2030	2028	8.056477967
2031	2032	31.79612066
2032	1949	26.51302695
2033	2035	2.93656124
2034	1948	4.962350347
2035	2031	59.16905172
2036	2038	14.89125345
2037	2039	3.086096267
2038	2037	5.282463984
2039	1947	36.40492399
2040	2036	25.44537659
2041	2045	1.805954305
2042	2047	22.65459942
2043	2044	6.375847129
2044	2040	30.91396551
2045	2043	9.29408361
2046	2042	9.093072018
2047	2041	5.186031073
2048	1940	20.92366046
2049	1944	4.144219249
2050	2055	7.109123027
2051	1941	5.435725253
2052	2053	10.76224884
2053	1936	0.336639461
2054	2052	77.45084415
2055	1946	19.70028988
2056	2050	0.344561603
2057	1942	4.993783203
2058	1939	5.118813783
2059	2054	60.30030021
2060	2110	34.6190045
2061	2064	12.95259835
2062	2063	34.44683444
2063	2060	1.314964701
2064	2068	11.66293831
2065	1938	13.50641393
2066	2061	34.81002375
2067	2104	24.3077642
2068	1937	5.807009472
2069	2070	9.144606049
2070	2071	33.75765722
2071	2067	16.26150938
2072	1923	1.358052693
2073	1935	12.39467596
2074	2091	1.283965068
2075	2076	28.22243473
2076	1934	21.98071816
2077	1921	13.41761429
2078	2099	33.88013702
2079	2077	4.47804044
2080	1933	50.40012438
2081	1932	3.256587492
2082	1906	2.711897988
2083	2084	6.127740832
2084	1908	3.302407824
2085	1925	4.745507268
2086	1916	4.578980954
2087	1926	6.378230274
2088	1912	4.222274175
2089	1913	1.682512103
2091	2072	18.74806785
2092	2088	3.600803027
2093	2085	0.746176691
2094	2082	2.715730534
2095	1930	2.572923755
2096	1904	23.0672825
2098	2078	1.140935324
2099	1927	28.53546219
2101	1922	44.17090759
2102	2103	14.07109
2103	2107	174.1200114
2104	2066	5.370685675
2107	2107	9.110967104
2107	2109	55.46220407
2109	1245	220.5380532
2109	2112	68.58837711
2110	2065	31.59018281
2110	2110	6.480145788
2112	1238	94.18913521
2113	1907	9.062132483
2114	1909	0.697114272
2115	1886	5.920376056
2116	2115	3.167275851
2117	2118	25.89134485
2118	2119	1.427602075
2119	1917	8.20516986
2120	1888	11.91655469
2121	2123	15.70939418
2122	2124	17.48675299
2123	2128	4.717736848
2124	2120	1.418516693
2125	1894	2.287176168
2126	2133	33.40577384
2127	2121	35.12678925
2128	2129	8.492740452
2129	2125	2.764072026
2130	2131	13.19572709
2131	1898	6.003717867
2132	2122	26.81872602
2133	2130	16.67832037
2134	2126	5.925722986
2135	2137	36.66288285
2136	2134	36.94896333
2137	2136	32.95816901
2138	2139	27.25208492
2139	2135	29.36280232
2140	2149	57.66292112
2141	2143	5.543235843
2142	2151	0.507884858
2143	2138	21.51309547
2144	1897	6.122797358
2145	2144	0.502141974
2147	2148	0.324202865
2148	2140	1.356098467
2149	2142	0.062611993
2150	2155	3.328251143
2151	1891	1.723672716
2152	2145	25.94136067
2153	1914	22.00543872
2155	2156	2.175882301
2156	2152	39.01200775
2157	2165	31.40586977
2158	1896	131.002578
2159	2158	33.12973062
2160	2171	5.742213881
2161	2174	3.661968333
2162	2173	0.994516819
2163	2179	2.514912981
2164	1893	7.086452696
2165	2166	5.520996794
2166	2160	17.18012825
2167	1892	4.29035705
2168	2175	4.417582576
2169	2186	69.41029273
2171	2162	34.98135
2172	2167	20.86371122
2173	2172	20.74154455
2174	2164	6.260288604
2175	2183	9.042863627
2176	1889	6.919785074
2177	2180	22.91085346
2178	2177	15.57351279
2179	2161	0.195684853
2180	1885	46.89983686
2181	2184	52.41283528
2182	2181	1.949321337
2183	2185	4.433012731
2184	2176	23.44234572
2185	2182	0.240692963
2186	2178	9.008276112
2187	2202	5.329656529
2188	2195	1.940837084
2189	2200	26.66203958
2190	2199	1.792047448
2191	2198	1.713899995
2192	2189	12.48482389
2193	2206	25.98252754
2194	2188	4.651068088
2195	1882	35.01445826
2196	2197	20.19928649
2197	2204	39.33102925
2198	2190	16.32700929
2199	2510	76.60743395
2200	2196	0.438521897
2201	1881	60.16150181
2202	2194	3.336802122
2203	2192	12.91415534
2204	2191	110.6970975
2205	2193	189.0986537
2205	2205	50.69708234
2205	2207	67.30004013
2206	2203	17.03737945
2207	2201	25.7013637
2208	2210	8.385184267
2209	2213	15.04462801
2210	2211	128.5715602
2211	2220	45.48869197
2212	2540	19.74451857
2213	2216	47.55481583
2214	2217	0.013683599
2216	2539	50.41325911
2217	2218	15.74772295
2218	2538	3.072545696
2219	2407	247.5736501
2220	2541	84.78153769
2221	2537	10.05951094
2222	2535	47.49378997
2223	2534	247.3816356
2224	2533	3.426176418
2225	2518	46.72399763
2226	2228	174.2998208
2227	2525	111.380096
2228	2227	78.8086627
2229	2523	71.81313865
2230	2416	256.7498391
2231	2230	134.5388033
2232	2235	24.2147084
2233	2234	34.50623687
2234	2292	15.98882237
2235	2233	26.05505967
2236	2291	11.84956136
2237	2493	84.46901954
2238	2290	132.5608787
2239	2240	401.3964635
2240	2289	61.65840429
2241	2288	21.19280802
2242	2287	111.3108726
2243	2242	39.58015894
2244	2245	15.01059578
2245	2462	28.69543963
2246	2286	91.96687498
2247	2248	10.47421985
2248	2441	9.496202604
2249	2472	4.404018604
2250	2438	4.245188041
2251	2275	36.25297138
2252	2255	27.40426221
2253	2258	229.4054708
2254	2252	3.658852217
2255	2257	77.01873654
2256	2277	208.9390782
2257	2281	17.03020637
2258	2450	90.81833508
2259	2260	3.371294212
2260	2262	60.96030809
2261	2276	6.256385608
2262	2261	43.11093284
2263	2303	14.11643295
2263	2379	78.73733129
2264	2360	75.34473403
2264	2370	3.835100624
2265	2326	5.070966477
2265	2338	3.612944039
2266	2345	2.550412106
2266	2347	23.20173874
2267	2268	16.22801436
2267	2269	38.05647033
2268	2267	16.22801436
2268	2366	140.3117926
2269	2267	38.05647033
2269	2319	83.22986481
2270	2306	62.20345604
2270	2374	49.76550879
2271	728	6.360944208
2271	2378	25.2546664
2272	726	12.11581838
2272	2304	62.50279701
2273	248	17.81086133
2273	2379	148.5816716
2274	728	75.60327037
2274	2303	156.0541031
2275	2254	23.09589236
2276	2459	149.9634528
2277	2259	60.0495494
2278	2278	37.04063872
2278	2298	1.444706561
2278	2459	39.40833109
2279	2280	4.548838338
2279	2298	24.17147279
2280	2279	4.548838339
2280	2300	11.70429442
2281	2256	22.60445081
2282	2251	113.0713422
2283	2282	12.38836379
2284	2476	11.81638481
2285	2283	336.6014995
2286	2285	171.7707163
2287	2244	44.37679564
2288	2243	8.306243134
2289	2241	278.9709828
2290	2239	58.60612716
2291	2494	49.95200053
2292	2516	93.76684306
2293	2232	20.49083269
2294	2295	1.89874838
2295	2542	734.9567677
2296	2620	337.7249283
2297	2296	153.7744038
2298	2278	1.444706563
2298	2279	24.17147279
2299	724	3.04363383
2299	2381	16.80117011
2300	725	7.95628824
2300	2280	11.70429442
2301	2375	60.45923771
2301	2376	104.791521
2302	2480	5.967441099
2302	2486	25.55146468
2303	2263	14.11643295
2303	2274	156.0541031
2304	2272	62.50279701
2304	2377	39.39564884
2305	2370	4.391760277
2305	2374	162.0790687
2306	2270	62.20345604
2306	2309	9.329185998
2307	2311	97.36939349
2307	2373	151.5338048
2308	2312	39.23297866
2308	2313	3.336198313
2309	2306	9.329185998
2309	2372	48.89649565
2310	2371	56.80938311
2310	2373	20.65789631
2311	2307	97.36939349
2311	2372	53.5370125
2312	2308	39.23297866
2312	2365	59.79988997
2313	727	8.076915972
2313	2308	3.336198313
2314	2315	59.45814334
2314	2367	73.48582169
2315	2314	59.45814334
2315	2316	9.018667978
2316	2315	9.018667978
2316	2366	135.3620104
2317	2346	20.5073927
2317	2357	7.488497348
2318	437	28.73155336
2319	2269	83.22986481
2319	2364	11.69918636
2320	2356	10.44189429
2320	2362	23.88394794
2321	2325	28.32358489
2321	2332	12.05601706
2322	2348	12.23539276
2322	2687	30.94836431
2323	2340	20.08220333
2323	2341	5.207958098
2324	2326	14.55403685
2324	2340	16.46754398
2325	2321	28.32358489
2325	2335	4.077138186
2326	2265	5.070966477
2326	2324	14.55403685
2327	2328	12.30477038
2327	2330	27.19260523
2328	2327	12.30477038
2328	2329	25.7613721
2329	2328	25.7613721
2329	2333	5.310823225
2330	2327	27.19260523
2330	2334	27.40676232
2331	2335	36.01518417
2331	2338	13.44529453
2332	2321	12.05601706
2332	2334	9.721595794
2333	2318	30.58557075
2333	2329	5.310823225
2333	2333	17.26996586
2334	2330	27.40676232
2334	2332	9.721595794
2335	2325	4.077138186
2335	2331	36.01518417
2336	722	6.168874663
2336	2337	1.365413809
2337	2336	1.365413807
2337	2339	4.170598014
2338	2265	3.612944039
2338	2331	13.44529453
2339	2337	4.170598016
2339	2341	18.70112565
2340	2323	20.08220333
2340	2324	16.46754398
2341	2323	5.207958099
2341	2339	18.70112565
2342	722	1.59524669
2342	2345	6.995267447
2343	2344	25.49723654
2343	2347	28.86576902
2344	2343	25.49723654
2344	2687	12.41786049
2345	2266	2.550412105
2345	2342	6.995267446
2346	2317	20.5073927
2346	2348	31.61033476
2347	2266	23.20173874
2347	2343	28.86576902
2348	2322	12.23539276
2348	2346	31.61033476
2354	2358	4.164252517
2354	2362	12.12360111
2355	721	26.38986474
2355	2356	4.505680661
2356	2320	10.44189428
2356	2355	4.50568066
2357	2317	7.488497348
2357	2358	0.463816085
2358	2354	4.164252515
2358	2357	0.463816085
2360	2264	75.34473403
2360	2375	51.41618119
2361	2376	37.55219775
2361	2486	56.39225144
2362	2320	23.88394794
2362	2354	12.1236011
2363	593	69.83368493
2363	2364	68.62952617
2364	2319	11.69918636
2364	2363	68.62952616
2365	2312	59.79988997
2365	2371	28.09833502
2366	2268	140.3117926
2366	2316	135.3620104
2367	2314	73.48582169
2367	2368	151.4855021
2368	2367	151.4855021
2368	2369	12.83917517
2369	727	6.60596839
2369	2368	12.83917517
2370	2264	3.835100624
2370	2305	4.391760277
2371	2310	56.80938311
2371	2365	28.09833502
2372	2309	48.89649565
2372	2311	53.5370125
2373	2307	151.5338048
2373	2310	20.65789631
2374	2270	54.26259686
2374	2305	156.2879669
2374	2374	4.497088069
2375	2301	60.45923771
2375	2360	51.41618119
2376	2301	104.791521
2376	2361	37.55219775
2377	2304	39.39564884
2377	2480	176.7068034
2378	726	4.573850177
2378	2271	25.2546664
2379	2263	78.73733129
2379	2273	148.5816716
2380	248	64.05235778
2380	724	12.74751613
2381	725	16.16192268
2381	2299	16.80117011
2382	2383	214.1624118
2383	2387	89.54564879
2384	2385	66.10735132
2385	2386	215.1933943
2386	2382	72.32956271
2387	2391	83.51297406
2388	2390	2.02121387
2389	2396	11.65548475
2390	2401	0.105390345
2391	2393	157.4837192
2392	2219	64.58070227
2393	2388	3.674001849
2396	2402	24.88590492
2397	2389	37.67599545
2398	2397	1.527852641
2399	2400	141.9983029
2400	2404	14.51426859
2401	2398	6.151145005
2402	2399	16.18457396
2403	2411	40.5479045
2404	2392	274.7044284
2405	2403	48.5040124
2406	2413	65.59318568
2407	2408	84.80240589
2408	2410	117.5331745
2409	2414	247.5728125
2410	2405	116.202538
2411	2412	55.13363446
2412	2406	24.66522005
2413	2409	88.65282045
2414	2415	287.8894905
2415	2231	112.948348
2416	2417	67.97677004
2417	2419	70.57034406
2418	2421	55.08754114
2419	2419	5.851167973
2419	2420	34.76231732
2420	2422	57.48483371
2421	2427	278.7480284
2422	2423	171.7057948
2423	2418	71.22388769
2424	2425	39.16667273
2425	2432	16.2196321
2426	2433	35.00658022
2427	2428	167.6278458
2428	2429	47.96268384
2429	2430	46.71400004
2430	2431	82.78174543
2431	2424	12.41227726
2432	2426	22.7525424
2433	2434	11.44108434
2434	2436	19.33838726
2435	2437	8.527509527
2436	2435	2.058027709
2437	1275	143.2819171
2438	2443	21.55329488
2439	2447	27.87990302
2440	2253	65.38460757
2440	2440	28.08604208
2441	2250	26.39079375
2442	2439	14.24001473
2443	2449	69.27967127
2444	2448	3.537641792
2445	2446	141.6808685
2446	2442	92.62949599
2447	2440	298.3119531
2448	2445	76.83298931
2449	2444	85.09345451
2450	2453	93.05199313
2451	1253	77.85273935
2452	2460	9.407526948
2453	2451	59.19594567
2454	2452	24.31644682
2455	2456	157.9302283
2456	2457	22.53046197
2457	2459	94.32078486
2458	2454	13.09200296
2459	2278	126.3672605
2459	2459	49.91829068
2460	2461	47.09026353
2461	2455	8.974834454
2462	2465	59.57223371
2463	2464	19.08386623
2464	2238	103.7773722
2465	2466	17.88294294
2466	2468	7.743418749
2468	2249	53.83767999
2472	2284	25.66079747
2473	2478	17.78043285
2476	2473	3.003142163
2478	2246	80.25925048
2480	2302	5.967441099
2480	2377	176.7068034
2486	2302	25.55146468
2486	2361	56.39225144
2489	2237	12.40099444
2492	2463	112.5388276
2493	2492	16.54871029
2494	2495	12.19118558
2495	2489	12.16748567
2496	2236	33.40474899
2497	2499	4.365353934
2499	2496	461.0393846
2504	2504	35.17676663
2504	2505	57.05244478
2504	2506	831.3174995
2505	2507	67.08500724
2506	1241	1939.796498
2506	1247	592.7001649
2506	2504	3.834789736
2506	2506	12.37351515
2507	2511	67.06276259
2508	2504	162.6555211
2508	2506	544.6747735
2509	2513	61.93821677
2510	2508	50.54748451
2511	2512	247.6681795
2512	2509	19.62848843
2513	1581	296.1949573
2514	2574	26.18399645
2515	2497	103.0244047
2516	2515	32.687049
2517	2529	95.17636679
2518	2530	81.3755199
2519	2532	15.61767847
2520	2527	79.1630066
2521	2528	21.8196912
2522	2521	38.86852318
2523	2522	21.31210159
2524	2229	51.24115843
2525	2524	26.15282195
2526	2293	19.00962339
2527	2526	28.29532463
2528	2520	61.57835469
2529	2226	50.27392471
2530	2517	9.733694793
2531	2209	140.1905178
2532	2225	451.547869
2533	2519	161.2700116
2534	2536	37.73245764
2535	2223	85.63955558
2536	2224	12.47895555
2537	2222	118.0953883
2538	2221	19.65556401
2539	2214	84.5476294
2540	2531	20.75208203
2541	2212	104.9874437
2542	2544	94.07924399
2543	2208	82.10546874
2544	2543	47.6410818
2544	2544	16.77531034
2545	2550	35.17644481
2546	2294	64.28908642
2547	2546	93.9100661
2548	2552	104.771503
2549	2554	180.395301
2550	2547	17.01248824
2551	2545	61.38792721
2552	2551	46.89726682
2553	2548	32.33330701
2554	2557	41.93848789
2555	2566	0.459012551
2556	2558	207.0149459
2557	2553	108.8319385
2558	2555	9.227677055
2559	2549	92.9648675
2560	2556	72.12580735
2561	2564	2.714566043
2562	2563	42.59680491
2563	2561	8.623806537
2564	2560	90.20840672
2565	2571	75.08430812
2566	539	9.213593663
2567	2559	271.9637527
2569	2572	435.0223024
2570	2562	97.90084774
2571	2570	28.91135996
2572	2565	71.3015061
2573	2668	13.63134242
2574	2584	50.00156169
2575	2582	52.43501315
2576	2569	159.039813
2577	2575	85.48405905
2578	2576	236.6376828
2579	2583	64.89020468
2580	2577	16.43130755
2581	2514	283.6323292
2581	2581	7.24322098
2582	2585	6.640250251
2583	2578	173.0970447
2584	2579	184.4724114
2585	2667	6.688309399
2586	2580	822.7214591
2587	2586	64.09069939
2588	2592	79.93037147
2589	2587	182.9137921
2590	2589	217.38085
2591	2590	91.73863691
2592	2594	296.6434569
2593	2588	9.231569163
2594	2591	715.0736876
2595	2593	334.2589287
2596	2595	25.84002024
2597	2604	35.98447466
2598	2601	14.50522543
2599	2602	332.2755584
2600	2598	2.466779715
2601	2603	30.29567699
2602	2605	45.63308912
2603	2596	55.74273723
2604	2600	29.34378212
2605	2597	535.2972286
2606	2599	143.388825
2607	1264	101.5381051
2608	2619	28.78071974
2609	2615	17.54245445
2610	269	13.44920338
2611	2612	11.87862479
2612	2609	92.14083901
2613	270	126.5785438
2614	2622	261.8000698
2615	2607	9.622213376
2616	2617	58.05556405
2617	2621	197.1729809
2618	2606	252.1833294
2619	2610	35.70316451
2620	2613	145.5540541
2621	2297	108.2647302
2622	2616	40.76129788
2623	2624	23.6415105
2624	2614	41.03246335
2625	2626	6.998358114
2626	2627	41.21929216
2627	2628	13.55211562
2628	2623	53.19380277
2629	2632	31.4671773
2630	2629	41.01371789
2631	2625	57.18298687
2632	2631	15.62055477
2633	2630	130.7259183
2634	2633	90.04979694
2635	2646	212.8518268
2636	2634	53.24581289
2637	2639	75.95217727
2638	2640	29.38739319
2639	2636	44.14141524
2640	2637	27.00286232
2641	2638	78.91236516
2642	2641	80.94720828
2643	2648	86.56770612
2644	2643	201.4754234
2645	2650	120.5490621
2646	2642	106.2020904
2647	2635	76.52236851
2648	2647	121.4014318
2649	2644	26.29112647
2650	2649	191.6376244
2651	2645	18.16291563
2652	2654	3.63353348
2653	2652	6.245563471
2654	1588	2.174626617
2655	1719	25.93496863
2656	2662	28.91391919
2657	1750	31.16091361
2658	1751	186.2577495
2659	1720	22.87438106
2660	1735	34.83201936
2661	1739	8.686990813
2662	2657	9.576609992
2665	1982	42.39810397
2666	1977	0.156068703
2667	2573	0.441438887
2668	2581	42.4369042
2669	1237	9.171216982
2670	1828	31.64340832
2670	2676	12.54564794
2671	2672	10.61335461
2671	2675	3.799957677
2672	1826	45.72095677
2672	2671	10.61335461
2673	1828	40.2795994
2673	2674	73.61816414
2674	1827	26.150827
2675	2671	3.799957676
2675	2676	24.36923793
2676	2670	12.54564794
2676	2675	24.36923793
2677	1829	112.9545
2678	2680	297.3836742
2679	2678	16.17310539
2680	449	14.75135326
2681	2684	31.62946892
2682	2681	102.1200469
2683	2685	34.67724924
2684	2685	31.73228256
2685	15	261.0761429
2685	2685	30.17803262
2686	2683	36.9586846
2687	2322	30.94836431
2687	2344	12.41786049
2691	597	3.963736371
2691	905	127.0439906
2692	748	10.84941277
2692	749	118.4227
2693	546	1084.837156
2693	697	2464.556552
2693	2693	821.6142204
2694	444	9252.509609
2694	2694	2396.457597
2699	444	802.8683829
2699	687	4700.803889
2699	1250	12384.39326
2699	2699	254.3507339
2700	701	191.4538217
2701	542	191.0718347
2701	2701	29.61581858
2702	577	22.07075143
2702	819	1552.323262
2702	1191	388.6502633
2702	2702	186.0537732
2703	435	1.529937335
2703	2703	1460.777183