IdStart	IdEnd	Length
0	8	3.78551046
1	2539	2.983632828
2	193	7.865300132
3	214	122.2006793
3	1060	40.10360561
5	1308	10.63656046
6	1243	2.347469234
7	7	23.68204523
7	663	3.756384396
7	2144	40.61088777
8	0	3.785510459
8	1327	17.7241184
13	160	0.90249298
14	626	30.1628211
15	2459	37.82039271
16	2398	21.56660671
17	1414	1.354948794
18	18	13.79589328
18	2331	42.77429273
19	20	14.76448358
20	20	19.67318808
20	924	42.76946843
21	2261	0.928500489
22	27	0.109936198
23	1450	0.665783986
24	2094	28.30350594
25	23	2.250580941
26	1970	31.61034719
27	1480	10.55766568
28	22	0.748442037
29	1154	1.479347501
30	909	48.6825389
31	25	9.793951467
33	33	63.94163912
33	177	245.5615344
33	587	163.4190372
34	34	45.54384023
34	37	0.218494127
34	1424	321.0767695
35	1974	1.269802852
36	36	46.89350172
36	919	37.4790542
36	1233	16.55778344
37	34	0.218494127
37	1420	10.72840965
38	1416	38.24204164
39	650	8.978415852
40	366	0.374710365
41	90	4.490789256
42	143	12.76769782
43	43	164.2258592
45	836	11.50524674
46	1878	7.760171224
47	84	9.115038624
48	326	6.605144542
49	2207	7.157382717
50	1298	7.200901596
51	564	3.11883832
52	86	13.40153816
53	134	5.926446349
54	231	33.15438454
55	941	134.7472914
55	1634	88.97518365
56	925	24.87052794
57	54	18.53803589
58	92	1.888941137
59	754	50.58594429
60	683	4.198994967
61	424	8.396347345
62	574	2.884318225
63	1439	115.5141322
64	359	375.8913187
64	362	259.5479536
64	2363	168.3716374
65	623	156.6988247
66	63	1.706150421
67	620	71.96036388
67	2331	6.193109149
68	611	3.182764834
69	568	42.09869519
70	1807	59.20680954
71	1465	20.10012129
72	66	0.112611708
72	72	48.31030159
72	1859	75.90658537
73	2227	70.89693888
74	74	96.80737212
74	1930	214.6026092
74	1933	44.96793865
75	622	34.21597192
76	704	0.745705315
77	826	39.07515753
78	103	5.202312245
79	321	13.06800695
80	76	5.948851721
81	288	0.924784235
82	291	9.202463598
83	48	6.96645282
84	218	2.178933545
85	137	1.257647915
86	83	2.695140397
87	138	5.677423663
88	52	6.586528328
89	840	4.915519867
90	85	8.26454655
91	94	11.7794675
92	629	4.480932502
93	1333	1.934184073
94	2166	59.37122808
95	267	3.383614986
96	1409	161.1329423
97	31	4.242637301
98	129	24.54331093
100	119	18.06941479
101	2530	11.67427844
102	830	2.409631068
103	80	3.844201569
104	81	7.524023503
105	104	0.186131842
106	813	4.851508416
107	1492	34.76965922
108	571	1.6482399
111	401	37.03947774
114	167	8.225160734
115	209	4.484508766
116	747	3.982661018
117	2029	3.541225926
118	388	4.040830195
119	2028	0.049794552
120	778	1.864148244
121	2049	24.63917064
122	1522	7.835908318
123	1426	2.74764543
124	124	12.61787179
124	1697	17.67612704
125	1724	16.33213758
126	131	24.43109693
127	703	0.515713281
128	78	38.72214268
129	299	9.615429356
130	98	1.449837982
131	297	17.14818283
132	1090	1.872420814
133	825	11.32007528
134	217	2.163027747
135	1485	10.54667548
136	1275	14.24553828
137	50	7.943719598
138	40	6.867604295
139	808	1.189310245
140	24	21.72547242
141	294	3.193741583
142	1713	33.83879888
143	333	1.666802634
144	306	7.413207021
145	285	37.8858734
146	2104	2.106928167
147	832	129.6951593
148	866	26.64373972
149	1297	29.16441394
150	1558	28.49801927
151	275	24.21447131
152	152	28.94575993
152	978	3.52977868
153	940	5.05063196
154	945	12.69914137
155	2360	0.461937761
156	1687	13.73866681
157	316	14.90296711
158	981	15.76454058
159	657	4.146869162
160	5	0.391283672
161	13	0.322970997
162	1012	8.964236538
163	1383	1.276524701
164	1392	5.419609881
165	42	7.815390113
166	166	216.5359986
166	2232	362.4618335
166	2388	78.31551846
167	167	6.779214816
167	298	25.67369855
168	2423	202.4926321
169	1011	19.75461419
170	1037	21.19947043
171	183	89.89362592
171	1665	0.562180769
172	499	22.18668256
173	1629	4.241009667
174	447	8.770029809
175	619	5.209147571
176	2238	6.599724196
177	1470	53.03053707
178	1471	129.4062567
179	2235	2.619211255
180	569	139.86413
180	2309	67.16916358
181	181	81.76155554
181	1344	219.300433
181	1822	148.852575
181	1845	651.5742957
182	183	20.66905395
182	1822	20.68947529
183	171	89.79994238
183	182	20.65178674
184	184	171.5299446
184	594	718.4767433
184	1031	731.3332711
184	1349	428.0080135
184	1361	1264.450943
184	1684	356.6455633
184	2191	719.2975907
185	1350	361.0075645
186	186	404.6540341
186	1280	160.4105631
186	1645	965.0872866
187	1655	86.30992542
188	188	343.7332005
188	189	353.7680959
188	220	744.2200922
188	1048	736.307434
189	188	696.7007362
189	189	12.50728478
189	1048	38.80613755
190	964	0.128537527
192	1013	192.8856572
193	317	131.2724773
194	2433	100.0981316
196	2000	29.23740618
197	16	7.620437236
198	2405	21.20881583
199	199	32.3594099
199	1704	33.27991128
199	1712	308.9051793
200	1220	37.59333969
201	1126	349.955706
202	202	115.6656262
202	1128	484.5464572
203	1130	2.033996891
204	1257	186.3610399
205	1256	74.00298371
206	202	58.87947778
206	206	36.14438825
207	2146	246.8315215
208	207	36.28896259
209	45	3.453293392
210	1419	28.07802878
211	43	13.24017932
212	155	0.641519748
213	1881	34.06279604
214	3	205.4109769
214	214	83.21029762
215	1796	13.66280286
216	1548	10.07635116
216	1701	20.6065362
217	115	7.194796536
218	53	10.66596149
219	219	477.0092058
219	1215	1312.27175
219	1660	136.1191288
219	1712	114.7225402
220	188	883.9403404
220	220	266.9482482
220	2535	680.0755365
220	2541	388.1497727
221	200	67.85075225
222	222	200.7996119
222	541	694.0621989
223	498	7.390019873
224	1105	11.93873382
225	225	40.96648081
226	226	107.1555461
226	528	526.5733055
226	1056	420.5696008
227	227	152.4530603
227	303	351.4572625
228	227	99.17802567
229	2165	34.84363494
230	1615	3.283935134
231	1606	94.34119371
232	2294	79.94307186
234	983	23.06604237
236	69	20.36499086
237	196	7.744588382
238	1303	11.307106
239	2273	34.227621
240	2143	38.27502447
241	1187	648.602056
242	1135	608.5918676
243	1412	68.05384753
244	992	11.96000538
245	993	0.985499508
246	246	2.899081908
246	342	307.9636552
246	1227	191.7264577
247	246	21.61267943
248	1633	20.59022427
249	252	7.988828156
250	2162	29.63084627
251	2237	16.17372787
252	1411	42.15094011
253	249	18.36793255
259	559	3.6506333
260	1258	1.264775412
261	345	60.84905702
262	547	4.397537859
263	343	8.130151349
263	1306	297.0178003
264	1330	70.65563786
265	264	1.228595015
266	262	71.68586916
267	2270	21.58419965
268	268	1.936463287
268	2229	115.0595739
269	243	54.24530058
270	1853	57.89719557
271	1767	40.95056567
272	271	0.286061632
273	276	137.2963949
273	1278	76.83008045
274	273	0.12055553
275	274	14.90070811
276	278	17.93758015
278	270	0.04602624
279	918	230.0138873
280	1262	25.21913156
281	281	664.2551572
281	359	48.12552467
281	467	1468.342913
281	2549	959.6756807
282	314	3.892372456
283	1857	0.34942578
284	2369	7.23465555
285	1481	33.94496695
286	292	4.693108438
287	88	1.351828209
288	135	9.753893815
290	1234	8.112580137
291	293	9.353163505
292	319	4.264605173
293	290	2.829557966
294	79	9.316351159
295	1484	1.468706954
296	97	12.29277576
297	334	32.45432871
298	133	9.115015098
299	2155	13.78313362
302	58	2.921143186
303	303	85.51697339
303	2551	81.54073521
304	2251	9.558122254
305	144	16.2574437
306	1768	17.40061286
307	1053	95.27193891
308	1867	10.04221005
309	1273	35.18925911
310	737	0.003247691
311	415	19.4204926
312	2347	4.735993957
313	1770	0.953090416
314	412	10.70239596
315	1725	27.52881266
316	2005	1.756029715
317	317	38.18508952
317	1971	8.741155659
317	2424	26.65827936
318	236	61.96290088
319	141	1.383283068
320	102	2.298003515
321	295	7.586900659
322	2322	7.820202343
323	1078	20.28371456
323	1819	120.4656594
324	732	27.82132956
325	136	0.943788859
326	87	2.809418255
327	1425	36.01422396
328	328	10.29628843
328	1595	1.742996724
329	329	95.48229608
329	1672	436.9941647
330	2267	1103.628053
331	1743	1.789866775
332	1917	0.425390322
333	130	89.64902478
334	165	7.207476369
335	464	22.29024401
336	330	3278.422637
336	336	139.4672961
336	582	774.8826198
336	2236	1838.627102
336	2269	1054.732668
336	2364	1281.355872
337	627	2.64480683
338	1630	0.506189501
339	1631	3.276915172
340	2225	5.43259985
341	2341	57.04007
342	343	202.4201004
343	263	8.130168047
343	1674	173.6787466
344	266	1.152812338
345	346	119.3041556
346	341	0.552792301
347	2208	389.6084662
348	348	24.95333632
348	349	16.33002161
349	350	15.35838837
350	390	51.40600449
351	377	6.963757828
352	352	103.1012843
352	1258	116.7399308
352	1637	375.2920291
352	1672	287.7386256
352	2192	192.683739
352	2397	224.8254746
353	353	33.926399
353	1215	1091.276209
353	1672	136.2200617
354	353	74.25200516
355	354	135.6058238
356	355	50.11345555
357	1904	19.50493695
358	867	152.8553024
359	281	179.7180868
359	359	48.51272159
359	362	182.0483952
360	1099	3.390673546
361	152	49.66161707
362	359	116.3433651
362	362	65.68859118
362	1748	16.85676913
363	625	48.48016751
364	365	91.93697886
365	230	15.08782676
366	325	9.479447396
367	1023	25.06764343
368	1253	16.14454081
369	1579	7.507223473
370	1609	9.307391446
371	2124	3.130065917
372	906	2.833808897
373	372	16.41279301
374	375	5.121839379
375	163	123.133151
376	1861	44.89584516
377	378	31.78668267
378	348	57.60213069
379	380	93.3249868
379	1641	122.5121922
380	379	93.32406655
380	1583	37.52421491
381	2060	6.544134071
382	383	38.12141883
383	705	8.95041683
384	1318	166.9642101
385	1248	43.03680789
386	1429	18.20346214
387	2068	30.90309045
388	2033	5.269016215
389	2141	18.28223583
390	2195	79.65390448
391	1156	4.750831466
392	393	2.641983889
393	1991	49.15168592
394	2003	24.54353005
395	30	1.046776043
396	1000	74.56709066
397	730	21.57336967
398	380	170.9176947
398	398	16.76790085
398	1462	227.8192104
398	1802	16.61138751
399	1946	24.78054292
400	2412	5.712936175
401	765	14.73410266
402	1628	13.87345838
403	1622	0.093626322
404	1017	12.96715388
405	920	1.253881021
406	1636	57.17057574
407	1842	9.812559782
408	308	12.08320399
409	858	10.77756845
410	1007	1.060476056
411	410	6.62145492
412	2105	10.25520308
413	1372	6.526183709
413	2041	120.0266939
413	2042	197.2410555
414	1235	48.34535982
415	1879	24.32456477
416	1954	11.73180325
417	1909	0.025135109
418	828	24.56734719
419	419	12.51419219
419	706	16.37572986
419	816	14.10226709
419	1229	39.86159425
419	1649	18.24255254
420	2375	5.463506385
421	2374	22.01593097
422	1073	76.47231974
423	1519	12.48328905
424	769	33.16613248
425	1972	6.856074777
426	116	44.66498265
427	879	92.65909639
428	1469	156.6373601
429	2231	36.0332639
430	587	126.5399127
431	433	45.31229885
432	2091	2264.01403
432	2257	672.3052171
433	432	1.496269249
433	433	1.429694951
433	434	6.235878667
434	433	6.526255811
434	434	5.221361257
435	436	5.027433813
436	558	17.97024539
437	2053	38.6851602
438	1649	21.38729015
438	2153	5.798475218
439	2233	305.435574
440	1587	15.65283565
441	1644	4.549660344
442	444	1.742240223
443	247	23.20158111
444	443	0.136413739
445	1421	213.9596766
446	176	2.748533882
447	570	23.15865394
448	2076	49.12454181
449	397	78.35127486
449	449	14.23046675
449	1750	28.03835831
449	2076	14.47925061
450	450	129.2938504
451	461	9.889042633
452	451	13.43577483
453	1409	46.05223996
454	1619	1.237522595
455	445	27.16595111
455	455	11.3072564
455	456	53.14670021
455	458	135.3029709
456	458	104.368139
457	1433	89.6149376
458	453	113.8503062
458	455	149.5781119
458	458	10.54240463
458	1431	25.10222915
459	455	92.77712216
460	1431	7.259018566
461	460	9.554433427
462	2083	0.580817432
463	463	64.18723529
463	2272	1835.427443
464	336	54.61698426
465	2086	74.57327882
466	1856	0.671433956
467	281	1482.259128
467	467	1019.294146
467	2244	82.17844488
468	2110	28.64080424
469	470	0.413016711
470	250	6.435433781
471	1623	5.417746219
472	585	73.47601344
473	472	6.62109685
474	474	1048.815808
474	2129	2066.247027
475	520	406.3116871
476	502	58.47646982
477	1103	27.19040511
478	1112	61.06487246
479	501	182.9615632
480	485	7893.470791
481	482	452.9715637
481	2127	954.3253477
482	481	452.9715637
482	482	184.8870639
482	1585	3483.278641
483	483	128.7678314
483	2133	3174.535894
484	2139	221.7383645
485	484	177.8159846
485	485	2054.176344
486	486	292.1487776
486	493	100.4487569
487	488	87.47952172
488	488	264.2824836
488	590	815.3057791
489	496	478.491334
489	518	4747.864424
490	490	417.9400566
490	2136	2262.030922
491	1285	47.77054571
492	491	148.7019106
493	2128	2006.047053
494	494	233.6845083
494	525	599.1606134
494	1122	283.9335715
495	495	494.1135169
495	496	2261.095562
495	1584	786.8189668
496	489	478.491334
496	495	1278.272269
497	497	24.77671605
497	2199	318.5991868
498	1107	33.66400313
499	1468	1422.966238
500	497	1272.431287
500	500	12.32008694
500	534	398.9880676
501	1605	807.4982281
502	172	18.17703078
503	523	902.0705652
503	2149	241.1396239
504	483	219.1759454
504	504	123.7860685
504	589	102.4062642
504	2134	386.6172024
505	505	79.64186491
505	510	160.9884904
505	1121	1183.061522
506	206	341.0805465
506	506	467.7650845
507	208	89.4374657
508	2560	2273.687462
510	505	160.9884904
510	510	147.7706737
510	1122	394.2209785
511	2188	11.77876598
512	512	185.7801306
512	527	641.0797622
513	512	533.5044437
514	513	105.6732193
515	515	296.445104
515	516	609.2935332
515	517	2021.488162
516	515	67.52505347
516	516	105.9590862
516	2545	4252.551632
517	515	2021.488162
517	517	502.3162053
518	489	4747.864424
518	1124	390.4011465
519	1760	14.211056
520	520	90.87514945
520	1101	216.1495818
521	1108	18.89049044
522	523	353.4057764
522	525	1840.742833
523	503	902.0705652
523	522	353.4057764
524	524	641.3157311
524	2336	2577.041643
525	494	365.4761051
525	522	1840.742833
526	514	3967.971083
526	526	138.137286
527	517	3546.821697
527	527	1434.594521
528	528	284.1106318
528	2185	1091.63627
529	1666	3.128932346
530	2523	4.327524018
531	2313	104.7456274
532	532	338.6631849
533	532	351.7934452
533	533	82.89100107
534	500	878.1963804
534	534	487.6953354
534	2267	1020.219983
535	535	1775.243353
535	539	497.8002147
536	508	563.7497498
536	536	384.4776979
536	538	2057.091999
537	533	188.2125639
538	537	148.1209634
539	544	2066.395447
540	479	52.09756432
541	475	100.8621309
542	224	8.158587483
543	543	514.1991757
543	2199	3856.14767
544	544	105.6331695
544	583	938.4612296
545	1653	87.29827549
546	1833	0.132095309
547	1177	36.56983488
548	2250	17.26478477
549	2316	294.7710359
550	1349	576.7624061
551	551	474.3652118
552	552	19.66644226
552	2253	1918.919425
553	554	22.37738794
554	2311	12.56763647
555	2306	191.9302765
556	2234	215.8147972
557	549	65.98688424
557	557	93.6045664
558	1046	0.813751137
559	1241	128.5904083
560	2257	75.06536209
561	609	286.9227274
561	1242	276.3865241
562	1423	125.364256
563	543	1033.685128
564	2319	2.525029093
565	565	11.72475404
565	1698	33.64496444
566	2382	68.61571571
567	429	63.34849823
568	1283	25.22320496
569	180	141.3056678
569	569	1.441537812
570	2064	137.78861
571	310	0.170484955
572	572	208.6456113
572	2252	1261.906948
573	60	3.212190323
574	21	3.317512917
575	2470	0.255229939
576	2424	72.00639306
577	2477	34.76106892
578	1969	14.5821417
579	2448	25.928474
580	638	4.536530866
581	822	11.73414659
582	336	271.0658835
582	582	289.1252472
582	2364	136.6432879
583	2510	1270.86996
584	2371	1145.789936
585	33	446.1918254
586	473	119.8083716
587	33	262.7310229
587	587	39.60461529
588	430	5.645276499
589	504	102.4062642
589	589	485.8565807
589	1309	7128.362923
590	2547	48.54381978
591	591	925.2538214
591	593	107.2912657
591	1134	2602.00938
592	1181	397.1064558
593	591	173.264362
593	593	926.7096777
593	700	190.05275
594	184	797.7474295
594	594	684.5373173
595	595	49.60428795
596	607	146.5041079
597	608	612.0951559
598	597	9.452946559
599	596	297.4585482
599	599	49.39837164
600	601	947.3191117
601	602	263.3108627
602	599	2070.557745
602	602	574.1864519
603	600	501.1034797
603	603	39.52023091
603	1194	152.6209766
604	605	548.544104
605	605	414.4541414
605	1193	1018.520174
605	1194	1603.56061
606	606	39.00760068
606	1265	72.61012853
607	1222	401.7012273
608	595	632.1184672
609	1242	11.68554528
610	2529	277.9782977
611	2460	0.467030025
612	302	0.991364652
615	2065	28.38122266
619	2242	25.68625872
620	14	57.35415794
620	67	71.96036388
620	620	36.29457869
622	615	12.8745114
623	631	386.9532819
624	38	4.845314681
625	65	54.33333654
626	161	1.874942143
627	338	18.88902785
628	588	10.28020715
629	7	38.66442812
629	18	45.09056496
629	629	16.28969483
630	471	20.39915488
631	631	159.2328492
631	1324	396.7608236
631	2363	228.7136423
633	1026	121.0644953
634	645	3.923589398
635	771	1.290317612
636	1764	22.64463978
637	633	9.212448712
638	647	0.566107591
639	1214	24.67458669
640	643	1.535897182
641	1347	4.498789758
642	1085	2.311641281
643	649	1.941151438
644	1163	2.918824601
645	636	0.685905798
646	2449	4.921976827
647	1368	6.156893983
649	678	10.03982909
650	1550	5.427263153
651	1547	0.452616736
652	950	7.366259464
653	651	0.458302073
654	159	2.169881586
655	2391	6.50771183
656	1418	0.639547054
657	988	0.457875683
658	659	8.89782352
659	1765	4.763558365
660	2496	13.54891873
661	968	1.46912717
662	2108	5.540163298
663	612	2.539008932
664	661	14.10937145
665	1	6.568550689
666	156	2.464608654
667	2324	3.593025748
668	214	113.5275102
668	928	29.22829228
669	667	2.203501116
670	2437	3.697349299
671	2212	1.466981014
672	1328	4.831793629
673	681	4.058862944
674	2436	6.708344239
675	2440	4.604951163
676	675	1.177490951
677	1219	20.45004831
678	680	8.329541044
679	639	7.385685941
680	763	11.30284087
681	2431	8.11794167
682	580	1.802408615
683	2491	13.11188997
684	691	5.796729714
685	68	0.934078509
686	2323	7.197392319
687	690	0.040036856
688	695	0.923291703
689	2420	10.05725386
690	688	1.288897527
691	755	13.62049465
692	2168	1.67245454
693	689	4.095189422
694	696	20.11232628
695	686	0.893419087
696	1301	1.99309022
697	694	13.69998505
698	101	18.61031311
698	698	19.52027972
698	1865	36.56585082
699	419	81.70108682
700	700	62.68317392
700	1179	74.13384249
701	1835	22.06097264
702	805	14.1985659
703	2265	31.83496776
704	105	3.230368584
705	1773	40.80439324
706	438	21.53609548
706	706	4.896483373
707	1919	4.93063258
708	714	24.55874292
709	1396	48.77616421
710	711	4.721671418
711	2017	31.14996752
712	745	1.453473104
713	2358	3.041996384
714	716	23.47957044
715	748	22.29546611
716	1983	2.400487711
717	2176	1.26339527
718	2025	10.2399912
719	2158	32.17519957
720	1948	11.66402409
721	2008	19.99602066
722	806	3.384633037
723	722	2.147010418
724	862	20.28460767
725	751	31.05627295
726	2094	46.58279164
727	860	12.50774433
728	1475	1.907697368
729	1476	21.67782448
730	731	13.40636761
731	729	76.22688959
732	1166	33.3288205
733	728	6.667179358
734	2002	1.665096149
735	28	12.13447718
736	1282	110.3068512
737	930	2.659258912
738	739	17.82422182
739	1956	5.139053586
740	713	5.320308636
741	1071	2.096774053
742	1074	11.8101242
743	1958	7.342475717
744	1329	3.015740519
745	1949	2.793597373
746	1526	2.690801556
746	2355	6.209132549
747	2032	17.36898701
748	709	21.79894834
749	725	18.16369666
750	418	15.09940633
751	2016	41.47351409
752	1953	105.6904463
753	646	17.78881638
754	692	5.891114442
755	2419	11.78959834
756	1196	4.273274884
757	1087	17.83639565
758	1083	44.92041158
759	1073	0.50739823
760	2343	4.191677801
761	2416	98.40508346
762	2410	92.93381113
763	2442	14.20088352
764	2010	24.15413533
765	2345	6.752395173
766	766	12.71472233
766	1976	19.55903818
767	2015	23.60071277
769	573	1.883559105
770	762	16.47517621
771	2444	3.811421178
772	1200	4.149366982
773	1164	14.89895312
774	2248	35.03224281
775	1195	5.237833763
776	2350	36.03516472
777	1520	18.64516088
778	2177	8.434553346
779	780	19.47912719
780	781	30.06294203
781	800	0.118818169
782	2543	0.745801162
783	796	14.74732918
783	1292	2.88585865
784	2171	10.1325318
785	1528	10.96165971
786	1400	45.23233114
787	776	13.94601556
788	788	3.398414923
788	2062	16.03622205
789	789	3.700846982
789	2301	34.36620815
790	1525	10.59317796
790	2355	4.180414407
791	793	4.800114028
791	2377	12.02496512
792	1331	66.0541775
793	791	4.800114028
793	2379	10.33612862
794	1293	31.27191272
795	389	0.924872226
796	783	14.74732918
796	2403	6.824349469
797	2058	35.30939007
798	799	21.88231533
799	1250	14.83403821
800	387	2.584580748
801	2067	16.81794801
802	1696	2.542887971
803	2075	40.61705889
804	1506	12.31049776
804	2062	14.35309159
805	1967	3.091469128
806	2018	16.76000597
807	1989	8.366267421
808	2163	5.731546351
809	917	57.50015814
810	717	21.94210147
811	1039	129.4345923
812	1136	7.838491242
813	2179	10.60490699
814	82	35.36143185
815	2513	5.232805079
816	816	7.42680563
816	818	74.78060337
817	132	25.25622625
818	819	37.8391776
819	2205	17.5799098
820	821	18.19440441
821	1722	5.719185261
822	820	34.19919715
823	581	2.618294103
824	142	30.52460437
825	823	60.55624009
826	313	0.045810856
827	1769	5.296149503
828	834	45.14509464
829	360	26.70847462
830	77	30.96478329
831	2157	43.00375385
832	1689	26.69553565
832	1988	71.58587856
833	2164	2.809800045
834	835	62.00648744
835	719	53.25800051
836	287	2.518876506
837	839	28.82533943
838	837	75.77918133
839	1728	33.31954291
840	47	7.908072392
841	1501	20.59391347
842	844	98.04807775
843	1784	76.60538649
844	1790	39.65386813
845	843	56.50158439
846	845	17.5921689
847	1872	18.08362007
848	2217	75.82803832
849	1740	5.136079599
850	1387	8.607330198
851	850	47.75380301
852	1332	10.22702257
853	1402	6.581329922
854	851	12.00640954
855	2126	21.65078439
856	859	53.79655243
857	409	34.89569711
858	1443	45.85632819
859	1737	34.28818749
860	861	9.70523592
861	862	26.36429819
862	1016	31.37307787
863	1167	3.971453583
864	871	43.55549106
865	864	13.88856809
866	873	36.62026337
867	1799	59.09663636
868	865	16.63025215
869	1914	74.63734905
870	1906	104.0615908
871	1911	20.5566819
872	1797	27.47272666
873	870	30.42413633
873	873	20.91256816
873	1001	73.44689274
873	1276	59.81319021
873	1813	55.86229158
874	884	28.45712373
875	2117	264.8699333
876	2122	168.4773512
877	2118	1.581537314
878	71	148.0264003
878	878	39.88448489
878	885	30.25900735
879	2082	265.6908493
880	882	29.70928391
881	1912	16.34347971
882	2338	49.86270716
883	427	4.117314813
884	881	29.7925926
885	878	112.9154315
885	885	41.38152305
885	1466	58.70802315
886	887	37.53154156
887	2278	19.3110451
888	889	34.39458294
889	2285	9.742106653
890	1096	9.187839051
891	890	292.7384064
892	888	13.787674
893	1375	38.31129027
894	1442	18.63455271
895	1663	25.76119444
896	1560	50.20458528
897	1561	2.683480408
898	1399	15.08340029
899	1812	1.981061716
900	1741	12.22933354
901	873	34.09445918
901	1001	125.1109245
902	1998	62.68455339
903	1364	30.54037703
903	1899	63.00358293
904	999	47.63447595
905	1995	92.73690589
906	1900	47.36547917
907	1155	14.92372144
908	2004	84.16883001
909	811	74.55607409
910	1994	0.951606386
911	2076	52.22223401
912	910	29.15722489
913	2190	41.42936818
914	913	66.34251909
915	2159	54.53182961
916	904	37.42953476
917	331	49.37279301
918	918	14.52864592
918	1855	34.47515232
919	405	12.04928228
919	919	151.8810377
919	1322	30.5599261
920	922	39.61921777
921	989	3.99353041
922	406	0.825781568
923	2198	32.0316526
924	1434	6.987108178
925	151	92.00047589
925	1412	39.14085062
926	1435	10.34275815
927	1062	52.36299838
928	214	84.29921789
928	928	25.32840495
928	1880	9.843539506
929	928	120.3614858
930	2039	0.088074486
931	2037	17.23148055
932	931	49.66685769
933	2292	22.90674515
934	935	4.286488064
935	932	32.33274905
936	937	9.591660909
937	1635	21.57761983
938	1634	76.2830167
939	938	27.58590939
940	668	6.413911966
941	942	5.460908704
942	57	70.03216057
943	154	6.485758876
944	1404	37.77651578
945	153	63.78607369
946	212	0.386741176
947	1271	0.898004244
948	1405	15.10761526
949	624	63.46582456
950	2320	5.981868338
951	953	11.44671597
952	1035	36.19662521
953	949	5.387956542
954	952	43.76011198
955	1417	8.207752981
956	957	10.04483573
957	961	1.810395325
958	960	27.01474175
959	1355	1.49406253
960	2502	10.90963532
961	2500	3.615430004
962	655	2.902159864
963	190	4.50290865
964	965	21.24272425
965	2532	0.101422651
966	656	0.777792634
967	1218	0.109401981
968	944	8.10529247
969	1270	3.30529428
970	971	8.806086725
971	664	0.034254109
972	970	0.154358433
973	158	25.18525076
974	1407	5.371095087
975	1279	0.585859046
976	669	19.2519272
977	232	84.12830401
978	977	4.966269524
979	1691	2.024229272
981	979	10.96526212
983	1693	12.17145292
984	951	10.87440435
985	984	1.426336405
986	990	30.41969357
987	2220	0.186944705
988	1217	1.61910625
989	152	50.16109549
990	1690	2.801116544
991	986	4.91123708
992	2167	6.967330311
993	244	2.26822174
994	91	19.62215733
995	620	17.77179587
996	915	88.77859902
997	996	8.133222002
998	1891	19.51346912
999	1890	6.728856049
1000	908	27.14163977
1001	868	48.78359129
1002	847	39.06355384
1003	284	0.344601928
1004	1915	5.611541523
1005	1008	3.002059508
1006	1563	62.84725649
1007	1005	11.94323247
1008	857	1.291869562
1009	727	1.433795975
1010	1905	71.59794919
1011	1662	87.13338665
1012	1820	82.04836994
1013	229	22.93748836
1014	1345	36.05000343
1015	958	10.02736864
1016	1016	12.33680742
1016	2173	2.619791959
1017	248	14.73743436
1018	1643	103.3664387
1019	363	26.19678156
1020	253	3.230204837
1021	1626	11.31423682
1022	1771	152.9733351
1023	339	43.77193939
1024	402	3.4450599
1025	1761	5.299791674
1026	2312	847.6057589
1027	1444	23.37527192
1027	1864	21.48910345
1028	2550	186.2643858
1029	2279	8.610198498
1030	185	14.14071955
1031	1030	85.57688067
1031	1031	52.53665659
1031	1361	1078.383734
1032	2150	3.401363205
1033	245	1.87031885
1035	653	4.462370874
1036	2354	61.83142191
1037	1037	41.39569221
1037	1664	101.3415139
1037	1665	298.682459
1038	1661	7.898500203
1039	1039	33.86910779
1039	1981	11.59242851
1040	766	205.6974471
1040	1040	33.57483437
1040	1640	666.7601412
1041	2417	11.12415584
1042	2048	7.867594245
1043	123	18.75417214
1044	2061	8.222488894
1045	1613	6.626972167
1046	437	1.595643394
1047	1047	13.11091241
1047	1836	36.56645441
1047	2186	41.37135612
1050	442	72.2426948
1051	1381	5.180766571
1052	1907	26.66517616
1053	221	253.8340711
1054	542	14.45165381
1055	1055	162.4916577
1055	2189	802.968595
1056	507	1304.858526
1056	528	390.1843442
1056	1056	347.6357294
1058	1097	8.271478956
1059	329	608.4994023
1060	3	40.10360561
1060	1327	8.841304432
1062	926	18.18740526
1063	1043	34.12185984
1064	1962	10.89918644
1066	1603	0.120443442
1067	741	3.472541346
1068	1951	3.280274652
1069	1072	1.828023782
1070	1604	2.196569648
1071	2020	2.311692371
1072	1527	8.408175101
1073	766	17.65309804
1073	1040	231.9869738
1073	1370	44.84505432
1073	1639	1141.804838
1074	743	10.8208512
1075	2373	9.330792158
1076	1957	23.98683575
1077	39	40.13456511
1078	2169	32.79237337
1078	2399	13.1339024
1078	2416	27.25828612
1079	740	24.41891176
1080	710	23.52776439
1081	311	22.95964202
1082	1715	45.56060946
1083	759	20.45930614
1084	1150	2.294366366
1085	672	3.110109256
1086	1472	1.450105006
1087	1950	19.98206908
1088	2077	145.1453185
1089	197	23.40916464
1090	126	24.31398469
1091	738	31.15531068
1093	674	1.536920697
1095	1346	2.563851788
1096	1617	59.48471235
1097	2264	5.697073593
1098	718	4.718548107
1099	2026	18.9168444
1100	2154	27.93404166
1101	2522	244.1573709
1102	1113	15.68858809
1103	1106	31.53623683
1104	521	39.73370585
1105	478	1.756955677
1106	1201	18.32792342
1107	1102	22.4360505
1108	223	15.31539189
1110	1116	4.202706948
1111	1114	39.7882359
1112	1111	15.64381473
1113	222	28.62577866
1114	477	51.47366815
1115	1117	250.6880725
1116	1115	353.9227405
1117	508	1184.71993
1117	536	620.9701798
1118	1110	13.84334075
1121	505	1331.861725
1121	1123	463.2941857
1122	494	283.9335715
1122	510	208.2407343
1123	1121	463.2941857
1123	1124	2.249305255
1124	518	390.4011465
1124	1123	2.249305256
1125	487	212.2575255
1126	1127	113.2964317
1127	1127	94.17854767
1127	1225	432.5267128
1128	201	405.5149006
1130	205	28.56160177
1131	1132	12.85249389
1132	2148	22.85988829
1133	226	303.5430255
1134	228	101.3612965
1135	1135	285.4329879
1135	1189	942.4396819
1136	849	31.95678148
1138	2413	2.983788946
1139	1006	21.36778042
1142	2490	1.60459637
1143	1054	152.8965977
1143	1143	638.1230493
1143	2149	3066.618241
1143	2560	3434.261042
1144	1160	1.105798435
1145	1145	16.54095947
1145	1353	136.7831843
1145	2215	44.44742824
1146	1397	6.759704854
1147	673	67.30780936
1148	641	7.796686849
1149	772	0.950411869
1150	1312	3.451441952
1151	2339	127.1365548
1152	2443	3.273864304
1153	2511	5.885379071
1154	1153	1.904812255
1155	396	9.120245112
1156	997	9.494763159
1158	2435	13.01839758
1159	2434	3.442632834
1160	2447	10.0475327
1161	679	30.27599251
1162	1161	1.186485266
1163	1032	16.8385589
1164	753	17.83698755
1165	1178	0.316178749
1166	1474	30.18318838
1167	720	12.89697696
1168	584	1875.834278
1169	2384	63.91698015
1170	1852	0.084384046
1172	1360	37.56210627
1175	1148	2.132714867
1176	1165	2.364010674
1177	261	3.819806296
1178	1152	2.536364384
1179	1180	151.1678115
1180	592	285.8052113
1181	240	356.1979456
1181	2143	409.7190083
1182	1181	426.9085303
1182	1182	1160.423552
1182	1183	1412.724964
1182	1184	3017.20599
1182	2143	250.1560684
1183	1183	1225.81024
1183	1184	2969.915929
1184	1182	3020.518534
1184	1184	672.57239
1184	1185	989.2513137
1185	1184	298.5745407
1185	1185	1498.704255
1185	1186	984.2139662
1186	241	0.19527213
1186	1185	984.4738085
1186	1186	1197.040031
1186	1187	942.6613159
1187	1186	940.8127941
1187	1187	35.4884097
1187	1362	2942.186651
1187	2381	886.5430109
1188	242	2.414000873
1189	1190	388.8280355
1190	1191	2085.645483
1191	1191	566.2739329
1191	1192	552.8455522
1191	1362	159.5059706
1192	1191	550.3437863
1192	1192	165.1542175
1192	1193	1111.175605
1193	604	664.1811603
1193	605	1016.26185
1193	1192	815.2689986
1193	1193	360.6635472
1194	603	373.5232939
1194	605	784.5749822
1194	1194	194.0373205
1195	2030	9.722925157
1196	1078	1.4734563
1197	698	25.18826854
1198	1184	278.1233639
1198	1185	4223.37678
1198	1198	957.1731155
1199	1159	7.591127621
1200	635	0.416149098
1201	1104	3.416939816
1202	1202	32.93531176
1203	2209	15.06492024
1204	186	598.8542322
1204	1204	5.197279654
1204	1646	504.3809449
1206	1980	27.17438616
1207	1098	2.935943759
1208	1829	4.078083
1209	2521	81.72284961
1210	1300	446.5292717
1211	671	13.65427784
1214	2367	62.04192886
1215	219	1310.4148
1215	356	850.5029212
1215	1215	308.2147916
1215	1660	699.2404373
1216	974	3.324164394
1217	987	0.723109547
1218	972	8.551587557
1219	2450	38.21565939
1222	606	109.8508775
1222	1222	20.94586751
1223	1223	0.031450901
1223	1676	62.32710277
1223	1836	86.42636982
1224	628	316.365668
1225	1127	1137.735709
1225	1225	625.6741429
1225	2131	1395.392367
1226	572	904.7462182
1226	610	583.1418256
1226	1226	116.5180704
1227	186	1796.452261
1227	1647	59.74694116
1228	2538	4.615751434
1229	723	26.046655
1230	1313	14.2696351
1231	2211	0.173947738
1232	914	12.0359106
1233	234	80.63462244
1234	127	0.518332089
1235	1356	13.22891966
1236	2438	4.762122048
1237	1996	20.95602082
1238	1022	87.17870111
1239	309	7.246258165
1240	891	154.9064036
1241	1241	38.31890581
1241	2081	173.7458613
1241	2509	300.4100509
1242	327	296.5333195
1242	609	10.53620336
1243	399	0.669486079
1244	1931	52.30007444
1248	923	58.51646042
1250	1699	17.77646753
1251	73	24.2903506
1252	1793	7.609233714
1253	466	0.162358503
1254	1851	22.6057155
1255	206	35.46975147
1256	1255	12.73238445
1257	2147	159.6995977
1258	1258	145.3228944
1258	1637	297.1052684
1258	1672	364.0804638
1258	2397	299.8260807
1259	199	178.9160808
1259	219	595.0928743
1260	1261	15.64102195
1261	1640	13.85987505
1262	279	47.37314526
1263	1264	14.66751106
1264	265	35.19092764
1265	598	97.15006319
1266	662	4.64547852
1268	1531	23.43496679
1268	2425	9.935819733
1269	2245	2.137593008
1269	2378	22.77732649
1270	1272	0.147441479
1271	967	1.344807415
1272	947	11.1803032
1273	1277	7.858379307
1274	145	10.13546753
1275	114	3.429963895
1276	1719	8.106583262
1277	2262	3.07344762
1278	276	60.46631447
1278	1278	52.33595006
1279	2221	2.762732157
1280	186	160.4833135
1281	1299	26.16285583
1282	139	83.02160971
1283	1756	42.25641043
1284	1382	154.8048486
1285	490	708.2745762
1286	2441	4.975251779
1287	1080	6.203911333
1288	1064	0.289829712
1290	1295	2.811456677
1292	783	2.88585865
1292	1525	4.296408851
1293	792	17.17033035
1294	1288	5.633368112
1295	1063	5.429688945
1296	1296	7.210876152
1296	2097	13.34180046
1297	462	41.83647684
1298	89	3.096635321
1299	733	53.44654483
1300	1300	251.039511
1300	1314	284.3059842
1300	2321	719.156013
1301	1718	8.990638821
1303	1158	0.868323457
1304	702	3.739833715
1305	1226	1979.528232
1305	1305	248.2128631
1305	2385	2467.384679
1306	1637	126.2572072
1307	1149	3.446866273
1308	1308	3.824882006
1308	2390	21.71540212
1309	1310	1.561833386
1310	1362	5892.433845
1311	2332	778.2880768
1312	2372	6.324116689
1313	2540	0.083534759
1314	1311	10.50306628
1314	1314	369.1493244
1315	1315	6.633323528
1315	2402	18.09467848
1316	1377	16.37766155
1317	1685	113.0268272
1318	1318	19.99675862
1318	1772	31.65569567
1322	36	30.22679704
1322	797	56.90425827
1322	1322	37.72688572
1323	307	15.72569528
1323	1323	0.250426702
1324	1338	2.408945409
1325	2557	95.79505771
1326	1671	47.287066
1327	8	17.7241184
1327	1060	8.841304432
1328	2439	1.367125845
1329	1985	17.44334142
1330	1260	58.79955636
1331	1290	4.642631488
1332	853	6.662157609
1333	577	8.504509169
1334	1237	18.1681178
1335	2318	4.23881883
1336	1228	4.553839705
1337	2317	138.0534302
1338	1224	452.8675174
1339	2314	708.6552659
1341	902	23.74586677
1342	1410	11.72621255
1343	1551	7.728880009
1344	181	201.1576296
1344	1344	10.54375716
1344	1818	110.9889562
1344	1845	350.5123072
1345	2516	21.47000577
1346	2012	4.273770086
1347	760	13.72707655
1348	1135	964.3189118
1349	184	172.1937698
1349	550	312.746702
1350	184	239.5350185
1351	1993	3.962614516
1352	2555	76.03640065
1353	1353	50.48744829
1353	2204	0.333031368
1353	2514	120.5939797
1354	2191	105.49688
1355	2501	1.514276045
1356	1877	24.65638889
1357	2507	5.360033665
1358	644	3.331643687
1359	2223	0.870523214
1360	893	4.615368836
1361	1031	275.1134563
1361	1361	847.1426128
1361	2561	1217.882873
1362	1182	12847.93606
1362	1187	2945.119017
1362	1191	162.7764352
1362	1348	34.27309268
1362	1362	2019.157625
1363	1019	179.905753
1364	1364	11.68360929
1364	1751	26.43304038
1364	2175	27.47346189
1365	344	6.976173735
1366	2483	1.3121653
1366	2533	2.131041165
1367	1020	34.5406304
1367	1367	5.022205762
1368	312	0.118858007
1370	1075	5.188248166
1371	1373	39.05400679
1371	1374	10.20752422
1372	413	6.525693686
1372	1374	0.806792212
1373	1371	38.93721583
1373	2121	373.2724689
1374	1371	10.20829144
1374	1372	0.806731591
1375	1398	304.7283253
1375	1562	179.2856186
1376	1755	125.7287824
1377	1028	72.77937446
1378	1436	1.379406081
1379	1592	92.99042523
1380	1379	69.20349768
1381	1380	9.500343661
1382	1580	63.68529205
1383	72	106.557869
1384	72	137.4080366
1385	1495	26.62749853
1386	1785	3.731616277
1387	1386	74.91221656
1388	1887	2.766058685
1389	1486	77.5110847
1390	895	38.89598126
1391	1594	21.53322889
1392	41	10.28508777
1393	106	6.172942342
1395	715	17.0681658
1396	708	3.513105602
1397	391	1.444785225
1398	70	1.776359235
1399	1139	82.13058068
1400	1353	43.16089042
1401	26	15.75045547
1402	1788	19.84083278
1403	1546	16.33035909
1404	946	0.907256508
1405	969	5.151836356
1406	2222	4.181714457
1407	975	0.028813496
1408	976	1.727802793
1409	457	35.68744709
1409	1409	25.1060715
1409	1432	36.83497016
1409	2183	61.05578484
1410	1251	15.82894436
1411	2054	70.10688511
1412	151	52.85962527
1412	1412	26.33400103
1413	19	34.49846114
1414	385	61.57319387
1416	955	24.26717353
1416	1416	11.76787347
1416	2219	84.6148754
1417	954	2.782405209
1418	2216	0.96822741
1419	994	1.976016735
1420	37	10.72840965
1420	1421	18.42084305
1421	1420	18.42084305
1421	1421	52.02367791
1422	34	81.16675277
1423	1422	78.29774987
1424	561	297.3054209
1425	2202	260.8293243
1426	1427	7.391889611
1427	786	12.08972035
1428	1863	41.1275774
1429	435	24.1428995
1430	454	9.5232579
1431	453	89.7177611
1431	458	51.49194319
1431	459	117.8029909
1431	1431	18.38280934
1432	2246	26.73763257
1433	386	147.2434511
1434	56	16.79397739
1435	272	62.34320089
1436	1452	17.1580216
1437	1437	6.078805566
1437	1864	3.608770977
1438	107	0.468525629
1439	1858	12.10256139
1441	1738	1.418381851
1442	1559	50.1888178
1443	856	31.46471886
1444	1027	23.41861512
1444	1586	24.80599153
1445	1378	52.11636922
1445	1445	15.18073543
1446	1445	65.43804669
1447	1454	5.176898748
1448	1754	66.97508148
1449	1451	6.67067302
1450	1449	6.016508384
1451	128	53.53217148
1452	1376	22.70772793
1452	1582	7.862181592
1454	1448	6.630658361
1455	1591	3.398051747
1456	1592	39.7571832
1457	2327	135.993268
1458	1458	44.03817547
1458	2335	41.11925416
1459	2326	72.1954448
1460	1802	152.7241707
1461	168	19.83450022
1462	1460	120.0891523
1462	1461	201.3664854
1462	1462	23.87325162
1463	876	43.61398792
1464	2120	31.72074472
1465	1464	117.3719924
1466	886	80.97257236
1467	1542	9.410730081
1467	1593	62.83641817
1468	540	933.0226179
1469	2364	219.1734143
1470	178	10.87084588
1471	428	184.8686205
1472	1068	20.66910202
1473	810	19.80270665
1474	726	51.45522904
1475	1869	4.415785964
1476	1281	6.029736779
1477	2001	7.976548989
1478	736	9.313290246
1479	1749	57.63485431
1480	1479	11.03537694
1481	1987	15.66098122
1482	1483	4.327312262
1483	814	29.19467845
1484	296	2.521393002
1485	1598	2.925436602
1486	852	37.97184424
1487	1493	18.16825175
1488	1487	18.38915246
1489	1889	14.41085167
1490	1491	4.305943184
1491	1489	86.06093224
1492	1492	13.78046198
1492	1493	13.44313275
1492	1503	41.15107701
1493	1490	51.058692
1493	1493	15.04831891
1493	1503	9.038813308
1494	1498	75.3730383
1495	1496	25.59838359
1496	2488	3.206562172
1497	2487	11.5451944
1498	1783	16.5314526
1499	1787	65.48015713
1500	1492	12.5336876
1500	1499	6.031431865
1500	1500	8.784055155
1501	1792	4.786284305
1502	854	55.48302134
1502	1500	27.54120595
1502	1502	11.82159278
1503	1502	18.94332341
1503	1503	14.62934704
1503	1777	21.93409773
1504	1503	7.072993486
1504	1504	0.979218542
1506	804	11.85249825
1506	1509	6.733942116
1507	1508	7.321495384
1508	2298	6.991174629
1509	1507	0.410480157
1510	2047	10.63493295
1512	1515	4.236916242
1513	1512	12.52906489
1515	565	27.53294653
1516	1521	9.651777031
1516	2544	4.850819464
1517	1539	15.65632542
1518	1353	51.37238716
1518	2514	171.9663668
1519	1518	21.22907219
1520	423	42.47246396
1521	1516	9.651777031
1521	2403	2.883685249
1522	794	1.024353492
1523	426	1.491556601
1525	790	10.59317796
1525	1292	4.296408851
1526	746	2.690801556
1526	2481	4.548890052
1527	215	71.90725623
1528	784	10.69208784
1529	782	3.192051608
1531	1268	23.43496679
1531	2379	10.34453078
1532	100	6.641465517
1533	1535	9.168860738
1534	117	4.239093254
1535	1532	7.526639737
1536	1537	1.112987402
1537	1534	27.84473946
1538	2101	17.19574326
1539	803	7.261516541
1540	1044	0.960875426
1541	1403	7.968713518
1542	1467	9.42649001
1542	1641	75.45744424
1543	1545	17.01138632
1544	2492	43.93939587
1545	1544	5.936561956
1546	1694	7.798298974
1547	1541	2.329420191
1548	216	8.348799523
1548	1548	7.715011242
1550	2422	8.287350859
1551	323	18.85390499
1552	1552	12.40350985
1552	2170	42.88947481
1553	1553	5.774210493
1553	1945	4.967437631
1554	1941	19.07512259
1555	530	10.85091734
1556	1943	8.016211299
1557	35	4.919327758
1558	885	46.13262151
1559	150	148.6848869
1560	894	38.27057567
1561	2277	34.88750648
1562	897	1.916409631
1562	1562	30.03837687
1562	1563	74.79504473
1563	1398	50.64766193
1563	1562	97.20490218
1563	1563	39.16732322
1564	898	22.02545039
1565	1849	15.42830606
1566	878	66.11338021
1566	1466	155.0804107
1567	1566	30.30132366
1568	1567	100.5945228
1569	1568	55.5659154
1570	1565	79.15156015
1570	1570	68.46380857
1570	1741	27.55755553
1570	1798	193.1358117
1571	1572	2.800912441
1572	1570	6.008772372
1573	1571	14.98417755
1574	1573	15.20257469
1575	2337	1.091048248
1576	1578	15.04879387
1577	1576	4.638920636
1578	1575	10.27140595
1579	1316	9.270312576
1580	369	74.16054395
1580	1437	4.812468869
1581	1580	4.812797877
1581	1581	6.193705506
1582	1452	7.862102836
1582	1586	21.42799502
1583	1642	8.604661867
1584	495	1265.496729
1584	1584	478.677762
1585	1584	10.91440441
1586	1444	24.80623993
1586	1582	21.42778044
1587	1447	15.35951655
1588	440	47.29824955
1589	1588	19.93414709
1590	1455	16.064059
1591	1589	40.93598691
1592	1590	110.9550167
1592	1592	24.44593178
1592	2024	12.57307143
1593	1467	62.85206825
1593	2024	61.70829584
1594	2180	21.28514107
1595	1391	16.66381008
1596	2023	213.071758
1597	998	21.86061574
1598	140	2.512753689
1599	1207	3.674157847
1600	1992	34.02067543
1601	1614	6.989957333
1602	1067	8.059622164
1603	1602	5.311851433
1604	1069	1.912172309
1605	535	4152.079033
1605	1605	26.27357798
1605	2199	323.8542656
1606	1607	93.61908357
1607	2295	48.25835105
1608	417	28.929679
1608	1548	35.99609501
1608	1608	19.51266884
1609	1901	4.094844038
1610	2276	47.41626242
1611	373	7.530120033
1612	1612	0.884386139
1612	2035	13.75965991
1613	749	11.04633663
1614	833	12.47429477
1615	1456	187.1454693
1616	734	21.93105554
1617	2286	199.1030288
1618	1621	2.948529368
1619	1618	5.99662773
1620	1409	169.8947966
1621	367	11.79269499
1622	1632	0.674174176
1623	1024	2.435219915
1624	404	1.670652772
1625	1625	5.577374496
1625	2289	23.04024823
1626	1625	4.469196446
1627	337	1.040847175
1628	173	1.116809372
1629	340	4.174571868
1630	1021	43.96509498
1631	403	2.377580359
1632	630	15.0289501
1633	2288	23.47890085
1634	941	45.77210776
1634	1634	17.93448461
1634	2508	51.21357426
1635	2427	117.1472972
1636	2290	60.33059242
1637	260	135.9708992
1637	352	330.3869311
1637	1258	208.8410019
1637	1637	52.64861558
1637	1732	266.6616062
1638	1365	8.718016931
1639	1672	758.9296809
1639	2397	641.350436
1640	347	153.4231927
1640	1639	243.0577228
1640	1640	32.15733159
1641	379	122.5123785
1641	1542	75.44155529
1642	398	143.9792265
1643	1373	246.4830034
1644	1647	86.21695717
1645	1204	44.82454839
1646	441	145.3611282
1647	1050	115.5420747
1647	1204	733.1970539
1647	1647	14.40924397
1648	157	13.74322513
1649	706	10.6473695
1649	1009	41.8633853
1649	1229	26.93846826
1649	1649	16.38674202
1649	2035	35.98126977
1650	348	28.76066483
1650	1650	8.744531431
1650	1651	18.96454879
1651	1652	224.1773335
1652	351	56.59845556
1652	1258	73.13634488
1652	1652	21.56782095
1652	1672	648.2403148
1652	2192	44.89102105
1653	1654	51.38339945
1654	187	162.098058
1654	1656	388.4179295
1654	2558	431.8747168
1655	1658	93.8830243
1656	1259	191.7922109
1656	1654	392.7658487
1656	1656	26.42043223
1657	2526	114.4130356
1658	1659	193.0403496
1659	1326	58.41099792
1660	219	134.1651569
1660	356	1550.628912
1661	1826	15.03705746
1662	1663	71.08202957
1663	1240	92.64556336
1663	1663	39.42736198
1663	1664	57.46038256
1664	170	17.45374066
1664	1663	51.44731787
1664	1664	148.3350624
1664	2361	96.85176257
1665	171	0.562212778
1665	1037	234.4728292
1665	1664	377.2100352
1666	1834	2.913643146
1667	701	20.29416391
1670	1840	70.54571887
1671	1841	19.69344028
1672	352	374.1920734
1672	353	199.6128397
1672	1258	364.8141732
1672	1672	280.3211823
1672	2192	603.7228088
1673	1354	85.71500501
1674	246	333.5132867
1674	1227	525.2397445
1675	2552	9.938223167
1676	1223	62.32417724
1676	1676	46.12597334
1677	1036	1.749800482
1678	1677	62.66626946
1678	1678	13.86551229
1678	2283	106.7947307
1679	1681	39.33277711
1680	1678	2.029331221
1681	1815	5.155062828
1682	1683	21.10367048
1683	1684	67.3343949
1684	184	314.3156414
1684	1684	44.00661131
1684	2191	362.6520274
1685	1682	20.9896803
1686	162	1.750716081
1687	943	38.09977565
1688	199	239.1113985
1689	320	11.78064213
1689	1689	20.55972352
1689	2094	12.60211628
1689	2193	63.32611842
1690	973	6.09289108
1691	1408	0.295551538
1692	1648	3.470723605
1693	985	3.230337932
1694	2107	4.522422246
1695	2112	1.715151947
1696	2300	10.01907673
1697	2114	5.060833634
1698	2296	38.27128919
1699	2063	9.864882904
1700	1695	1.22463433
1700	1700	3.045620879
1701	1701	5.045089413
1701	2111	16.76603871
1702	1430	40.07420852
1703	1705	17.17460704
1704	1703	39.93993917
1705	1656	273.0341625
1705	2558	1097.674728
1706	1707	10.03908311
1707	1839	57.03742405
1708	1706	13.20230707
1709	1711	11.97672768
1710	1688	39.75712283
1711	1710	42.46395677
1712	219	107.2716141
1712	1709	2.054211207
1712	1712	9.88091117
1713	1713	12.21874997
1713	1729	31.15558508
1714	824	53.17086091
1715	1714	4.307456259
1716	2239	383.7561226
1717	2325	4.780361893
1718	1717	2.695145086
1719	2123	6.438130103
1720	2365	34.72514963
1721	1720	9.886720239
1722	1723	4.035291094
1723	1721	10.35560721
1724	164	24.26028499
1724	1724	8.808832583
1725	2181	45.64414909
1726	1393	1.705533151
1727	315	36.27970175
1728	328	60.78164076
1729	838	32.76026153
1730	1352	9.504326691
1731	1730	0.399860304
1732	263	157.8557451
1733	1650	258.6194562
1733	2195	56.65751753
1734	1762	4.950113223
1735	268	23.23142099
1736	1216	0.61678403
1737	1868	23.96174043
1738	1739	40.90717969
1739	873	21.19851671
1739	1813	97.97337645
1740	848	1.599785502
1741	1565	164.47682
1741	1570	29.59171459
1741	1741	55.73354523
1741	1798	97.11444756
1742	1744	14.84894092
1743	1742	73.84684331
1744	1334	10.88673481
1745	1866	61.99270861
1746	2284	29.6801292
1747	1795	5.800276182
1748	64	90.66371217
1748	631	453.8524725
1749	1478	14.43295385
1750	2351	27.97869771
1751	1751	14.9104727
1751	1752	58.85949566
1751	1907	31.88918351
1751	2174	76.06816697
1752	371	7.651134651
1753	1923	1.176950868
1754	1446	10.19285813
1755	2069	116.0667884
1756	2407	5.32207408
1757	2230	1.592425383
1758	2161	46.77318026
1759	469	28.70697057
1760	95	16.39381534
1761	1735	23.4906338
1762	1025	0.771762802
1763	1620	2.73587061
1764	2259	0.696420807
1765	685	5.207675239
1767	1278	20.70847647
1768	198	0.265907619
1769	305	0.422722634
1770	827	8.661443909
1771	1763	72.790526
1772	1284	277.0826704
1773	1773	12.16370524
1773	1774	79.99360914
1774	1776	57.87683827
1775	1780	6.735896458
1776	1781	9.069004094
1777	1777	3.330967006
1777	1778	12.26814337
1778	1779	14.49132895
1779	1775	0.299778097
1780	384	28.33803375
1781	1504	79.17251753
1783	1727	156.3917533
1783	2489	39.93150972
1784	1385	12.45731053
1785	846	25.62473428
1786	1384	143.1094367
1787	1786	47.43398584
1788	1502	39.58608262
1789	1389	4.708600985
1790	1789	14.08437151
1792	1497	9.19385805
1793	1794	12.47016442
1794	2489	87.63940216
1795	1616	10.80756108
1796	2542	12.91113268
1797	874	32.56720085
1798	870	117.2856747
1798	873	72.54479164
1799	901	11.75453877
1800	1811	43.56724841
1801	1800	11.95330074
1802	398	18.18268259
1802	875	26.30490098
1802	1018	57.27340788
1802	1802	18.43665398
1803	1745	86.7377962
1806	1810	1.983027994
1807	1808	1.010520252
1808	1806	3.235775026
1810	1577	6.280466378
1811	872	31.11131459
1812	1574	1.940446746
1813	900	43.60068904
1815	1816	41.74683046
1816	2274	3.52017959
1817	2383	195.7762288
1818	181	245.601633
1818	1344	35.39111603
1818	1818	70.28093281
1819	111	3.105772525
1820	1825	12.78978621
1821	181	32.3751912
1822	182	20.22822141
1822	1821	28.24790797
1823	169	41.01354386
1823	1823	4.77066225
1824	2115	174.0431972
1825	2281	109.7832018
1826	1686	32.92769519
1827	1038	12.66085264
1827	1823	12.68713602
1827	1827	5.077597709
1828	1827	6.934600342
1829	1818	75.02817092
1830	1344	289.5457947
1830	1822	639.5559993
1831	1832	18.32900545
1832	546	11.56276756
1833	2528	17.10572351
1834	1831	17.98118496
1835	2187	2.639108942
1836	1047	26.99738469
1836	1223	84.1924328
1837	2186	29.53435172
1838	2188	12.01356409
1839	1670	12.81828948
1840	1676	45.46451769
1841	1708	59.60359278
1842	2424	43.51210627
1843	1837	43.52738083
1844	1817	568.1481851
1845	1838	14.44213368
1846	1847	60.95872565
1847	74	45.48718137
1847	1930	277.121772
1848	407	6.337683615
1849	1564	10.11404174
1850	322	3.289819525
1851	1170	3.894405796
1852	1413	34.46356891
1853	1854	22.32880764
1854	918	22.50209645
1854	1855	56.97724877
1855	1254	8.033206623
1856	282	2.362256948
1857	332	8.513261201
1858	1438	186.7747578
1859	2518	40.9207166
1860	2349	50.54572717
1861	374	24.15240894
1862	2055	14.26914494
1863	1862	21.50857232
1864	1027	21.48994194
1864	1581	3.608524292
1865	698	36.56585082
1865	2389	1.872073981
1866	408	4.721124829
1867	1746	146.4417463
1868	869	17.53766349
1869	1747	3.12208676
1870	2256	2.734142143
1871	1004	8.777337399
1872	1870	15.42748284
1873	1874	21.833035
1874	1875	14.90660144
1875	1876	7.027068508
1876	883	2.593686511
1877	55	193.0887461
1877	1877	13.11310374
1877	2356	31.18205223
1878	211	5.5314584
1879	414	6.487035597
1880	213	54.728671
1881	17	2.368004188
1882	1935	123.6450008
1883	1882	34.33419736
1884	2184	15.60998316
1885	1884	12.10641987
1886	1885	15.37784745
1887	1886	22.96571947
1888	1388	41.95937974
1889	1938	83.164064
1890	1892	0.216443983
1891	1999	39.83681813
1892	1341	20.67656352
1893	903	134.0388402
1893	1893	2.608429967
1894	1893	30.61701279
1894	1897	25.3779517
1895	1896	33.57077943
1896	1059	107.9005309
1896	1894	62.50905858
1896	1896	5.970949576
1897	1895	3.057902295
1898	1894	30.5047903
1898	1898	2.709878998
1899	1898	73.39078888
1900	1441	108.1037135
1901	1611	16.01946642
1902	370	10.6021741
1903	2125	8.660322764
1904	1903	29.14313023
1905	357	53.35982222
1906	1010	12.89877356
1907	903	33.7929701
1907	1364	25.36939135
1907	1751	73.08249264
1907	1899	96.79655303
1907	1907	17.87261904
1908	2310	1337.351402
1909	2102	0.798401638
1910	855	79.75092478
1911	1910	7.013560421
1912	880	32.15715444
1913	1801	16.35717591
1914	148	17.2801737
1915	2106	0.443168244
1916	368	1.411132726
1917	1003	11.9845599
1918	62	25.15874795
1919	1473	7.318660088
1920	707	3.101132063
1921	1920	6.155427626
1922	147	2.773223747
1923	1597	17.51219518
1924	1925	0.370205131
1925	812	32.26623617
1926	1924	12.8277768
1927	1488	126.8455421
1928	1927	40.10859521
1929	1937	139.3655971
1930	1929	27.36995147
1930	1930	17.03198146
1930	1934	21.22489458
1931	1846	47.94613661
1932	1244	204.1585813
1932	1716	40.01023039
1932	1932	19.62184301
1933	2406	31.91337321
1934	74	195.6244141
1934	1934	18.12622329
1935	1934	121.7592775
1936	1928	149.5906457
1937	1936	86.57574822
1938	1888	18.64252868
1939	1921	31.57570822
1940	576	4.236412699
1941	764	8.917098325
1942	2534	47.5665782
1943	1147	130.2796798
1944	1556	0.906754242
1945	1944	5.777938643
1946	1553	20.10153693
1947	6	0.315507592
1948	721	8.261617704
1948	1948	5.446824878
1949	744	1.349276679
1950	742	8.854523509
1951	1066	0.277756248
1952	1079	1.160040621
1953	2016	28.54616047
1954	752	35.89071461
1955	2013	8.482753522
1956	1955	13.9576318
1957	1091	7.198981528
1958	2172	0.430536729
1959	757	62.02154991
1960	1959	5.648931143
1961	1960	14.12614822
1962	1529	3.872637743
1963	785	0.679332953
1967	2478	14.1266953
1969	1304	8.789620606
1970	2340	42.48545979
1971	1947	82.4359847
1972	2	3.825605341
1973	2011	5.477240578
1974	1973	12.11188472
1975	1557	7.851319445
1976	421	22.76244974
1977	422	10.97455847
1978	1977	25.66949812
1979	767	11.2181448
1980	1979	15.60490025
1981	1206	73.64833064
1982	1045	12.87494181
1983	1982	15.08303683
1984	2152	1.992059881
1985	1287	13.54918724
1986	863	1.125621449
1987	2116	2.031526594
1988	807	14.92280471
1989	1990	13.08086679
1990	1600	2.858253586
1991	395	13.74923922
1991	1991	20.63331573
1992	1939	2.7555095
1993	59	2.925041127
1994	911	13.67063838
1995	1232	58.07689928
1996	905	73.59861105
1997	809	31.16201013
1998	1751	49.99143011
1999	916	1.372088579
2000	1146	121.3643006
2001	448	33.12769974
2002	324	16.59048392
2003	449	93.18418332
2004	394	8.326596666
2005	1406	1.806137359
2006	1536	0.15490366
2007	2006	4.260122238
2008	712	1.825923273
2009	1848	65.8254901
2010	2009	21.85882725
2010	2010	7.166636235
2011	425	16.63171674
2012	1343	4.66503005
2013	416	22.821934
2014	2160	12.77308179
2015	2014	23.50797598
2016	907	73.2512203
2016	2016	31.00882188
2017	1984	14.40886084
2018	724	7.132767044
2019	1395	2.238712667
2020	1070	1.865143496
2021	2021	263.3493423
2021	2022	16.48841745
2022	1596	59.80259982
2023	364	86.07689478
2024	1592	13.08095549
2024	1593	61.70820203
2025	2113	2.660354107
2026	2156	55.82508504
2027	2050	34.65495725
2028	2027	10.98387986
2029	1533	6.94551565
2030	2007	11.64335905
2031	775	11.37357765
2032	2031	11.1042856
2033	2145	2.355563224
2034	2376	25.63207124
2035	419	32.72916673
2035	1649	41.67015222
2035	2203	13.79569423
2036	939	46.64789105
2037	108	41.24134986
2038	929	94.31829255
2039	2038	0.564477743
2040	2040	54.37798794
2040	2334	32.99697295
2041	2041	24.12576251
2041	2042	77.2143616
2041	2046	48.94554962
2042	2045	150.8334289
2043	2040	384.7821847
2044	1088	372.3592753
2045	2044	91.13900377
2046	413	46.39082519
2047	1513	10.09296653
2048	1608	26.69761024
2049	777	15.09099045
2050	120	13.88866582
2051	439	121.2127679
2052	1428	10.52693835
2053	2052	41.18204972
2054	2224	35.75581299
2055	376	107.7339717
2056	1203	19.34780693
2057	124	28.58191733
2058	2057	8.227591434
2059	1322	38.78312388
2060	2260	4.805171717
2061	1517	8.824466954
2062	804	14.3367141
2062	1700	16.43065004
2063	2213	4.898307087
2064	75	23.67084831
2065	1367	237.5344218
2066	774	0.001077022
2067	2214	28.77205401
2068	801	8.553031421
2069	2070	18.81738438
2070	1051	35.28873845
2071	1538	21.42207185
2074	2071	35.54805963
2075	2103	0.275995076
2076	237	121.9584889
2076	449	0.37101178
2076	2076	13.17669798
2077	2078	134.67762
2078	2078	16.29112844
2078	2079	84.66474728
2079	2081	95.170675
2080	2109	267.0068762
2081	2080	18.64608171
2081	2509	126.6641896
2082	892	1.35278234
2083	2280	63.24176055
2084	465	190.2651836
2085	259	160.6523038
2086	2085	59.71900388
2087	2089	8.692308464
2088	2087	27.61921917
2089	2287	206.5234744
2090	531	723.4371563
2091	2084	800.2660027
2092	2090	152.6973031
2093	2092	276.4149562
2094	1689	12.03288697
2094	1988	32.28822662
2094	2094	20.0575877
2095	216	20.39334543
2095	2095	5.401086822
2096	789	16.87232385
2096	1296	7.754642272
2097	2098	35.66743833
2097	2303	13.70608756
2098	2097	35.56251848
2098	2111	24.94873702
2099	1252	45.04529125
2101	2099	21.21827906
2102	1540	25.78858742
2103	1145	32.7950326
2103	1353	132.1404985
2104	1726	27.08934803
2104	2074	39.81419501
2105	1871	1.615188753
2106	411	3.679759487
2107	2499	4.872965006
2108	1692	1.630409893
2109	468	71.03513799
2110	2088	64.24740447
2111	2095	16.73974872
2111	2098	25.02364796
2112	2301	7.545509909
2113	815	3.777505759
2114	2056	18.93563592
2115	1679	62.01359424
2116	283	2.224929888
2117	877	17.08830688
2118	2119	17.59248956
2119	1569	3.363193397
2120	1463	11.41773679
2121	1802	34.62746093
2122	398	30.09201173
2123	1913	12.321922
2124	1902	51.16536923
2125	1751	91.69124274
2126	1610	20.94139884
2127	481	954.3253477
2127	2127	1784.799614
2128	2128	47.26385549
2128	2129	407.554175
2129	1125	4048.13046
2129	2129	514.2791718
2130	2130	406.8058985
2130	2137	935.2943691
2131	474	1380.653701
2131	1225	419.8066005
2131	2131	410.4725246
2132	506	2177.414023
2132	1127	71.34319639
2132	1225	346.3959274
2132	2132	1140.253405
2133	480	211.7270073
2133	2133	1398.640399
2134	482	2.494967124
2135	492	46.06942612
2135	2135	1928.905565
2136	1225	4086.811352
2136	2130	2411.63154
2136	2136	1139.508795
2137	2131	226.4238822
2137	2132	1258.499558
2137	2137	618.8203814
2139	2135	1943.835607
2139	2139	1297.156048
2140	203	4.035833169
2141	2531	16.44277729
2142	1702	18.31746937
2143	1181	404.9622661
2143	1182	526.4459374
2143	1362	12843.9833
2143	2143	44.6110718
2144	381	2.019971225
2145	1523	5.471030687
2146	2352	126.5076107
2147	2348	30.3199029
2148	2140	10.97711193
2149	503	241.1396239
2149	1143	3450.537547
2150	770	90.72628095
2151	2346	11.84898183
2152	2247	7.796563847
2153	438	5.758410045
2153	1100	0.285561589
2153	2153	0.283589004
2154	817	1.169034427
2155	1482	2.618559928
2156	750	12.96345202
2157	2153	31.27282224
2158	831	6.166950821
2159	1753	9.776046628
2160	1978	52.10558511
2161	1759	89.75901335
2162	446	56.13490537
2163	1477	12.28039401
2164	1058	0.970087725
2165	1052	384.4236348
2165	2194	227.9684402
2166	995	65.34180635
2167	2493	1.687419536
2168	634	17.94271565
2169	1850	37.15507093
2170	1095	11.06686261
2171	2395	7.41939748
2172	758	13.97442184
2173	1986	4.984448167
2174	2194	207.820064
2175	1997	46.93052257
2176	1601	35.44090741
2177	121	24.1931891
2178	2066	40.94835926
2179	125	43.20991251
2180	146	40.83183391
2181	1726	62.86169537
2181	2104	35.77234734
2182	1266	19.66189488
2183	2142	33.44399859
2184	1883	10.39748633
2185	1055	832.4910042
2186	1047	30.88163235
2186	1667	50.11845285
2186	1836	67.44808676
2187	511	69.22964888
2188	529	9.61942045
2188	1843	103.8431129
2189	2132	1422.68942
2190	912	10.40166834
2191	1317	156.5171553
2191	1675	44.75806143
2191	2191	156.3931002
2192	352	179.8626437
2192	1258	51.30208661
2192	1637	473.3052932
2192	1652	151.3839876
2192	2192	109.2893099
2193	735	76.58969859
2194	1052	156.4551946
2194	1803	163.2231034
2194	2194	85.82921165
2195	1650	201.9619387
2195	1673	187.7567125
2197	2357	13.22452195
2198	927	11.44659359
2199	500	1505.167137
2199	534	2150.221962
2199	2199	184.680687
2200	192	35.86732421
2201	1208	63.06296876
2201	2201	9.019182443
2202	562	13.71663756
2203	2034	10.70692315
2203	2203	0.726817917
2204	779	93.09925057
2205	1082	2.110996561
2207	51	10.91408151
2208	2432	15.9405712
2209	798	0.427922695
2210	2495	0.792424561
2211	2421	12.20642678
2212	642	17.52283325
2213	802	0.972128306
2214	787	46.91442721
2215	1042	105.2856769
2216	1543	6.409547832
2217	1922	7.384421878
2218	567	54.91005352
2219	652	38.84406756
2220	991	11.1617391
2221	1239	0.049663827
2222	1359	10.46319356
2223	1335	7.514765334
2224	96	148.8359185
2224	2224	15.50579908
2225	2226	21.54488159
2226	1624	21.18839978
2226	2226	8.563565669
2227	2240	82.77684373
2228	1342	94.80932517
2229	2228	10.43707871
2230	1758	14.11237559
2231	318	102.3385915
2232	2218	195.3424924
2232	2232	92.81954104
2233	335	10.6164931
2234	179	41.95179455
2235	563	31.19291445
2236	330	1463.886053
2236	2236	80.81925915
2236	2267	79.67161429
2236	2268	75.79772017
2237	2271	49.80930826
2238	251	0.359960043
2239	1932	736.1949642
2239	2239	474.5534565
2239	2549	785.5876995
2240	174	2.666185295
2241	2243	42.9427659
2242	1734	3.209225579
2243	1363	118.4344665
2244	556	24.33408565
2244	2244	2204.034925
2245	1269	2.137593008
2245	2544	14.26577446
2246	452	15.22939503
2247	1952	3.193214061
2248	1612	85.58055681
2250	239	1931.658319
2251	2315	3.714057406
2252	434	21.52000576
2252	2252	91.42255203
2253	551	3.10009787
2254	1908	1055.060131
2255	1599	0.423092161
2256	1926	2.625991569
2257	431	973.1383755
2257	2091	1591.708813
2257	2257	341.7114461
2258	560	5.317574478
2259	15	4.220722695
2260	697	12.82127729
2261	61	11.72046587
2262	948	8.506002626
2264	2255	1.963457243
2265	286	1.741129254
2267	534	1075.936769
2267	2236	213.6479277
2267	2267	51.32978241
2268	2269	9.413554221
2269	534	1135.350235
2269	2051	485.3542317
2269	2269	154.5277468
2270	175	7.664506976
2271	519	51.08387505
2271	2271	8.421428531
2272	1151	9.718368507
2273	1337	21.76485573
2274	1680	16.56187716
2275	1823	245.320327
2276	1002	21.88552868
2277	896	26.05273234
2278	1172	64.91893514
2279	358	34.64035896
2280	1390	145.0702767
2281	1824	1.120381498
2282	2275	142.1422095
2283	2282	109.3602173
2284	1678	71.82605727
2284	2283	178.620788
2285	149	79.60121013
2286	1029	237.6308718
2287	2093	612.3689492
2288	1627	31.03590736
2289	49	57.48715901
2290	921	23.71027622
2291	361	32.31535351
2292	2291	9.467604784
2293	933	56.41107298
2294	936	90.43783816
2294	2294	0.071060851
2295	2293	20.65104447
2296	2296	4.033467404
2296	2297	5.8508133
2297	2562	17.8524127
2298	2197	3.42298317
2299	1510	0.995578288
2300	1506	12.07693391
2301	788	7.537784504
2301	2302	34.38956165
2302	2096	17.20938173
2302	2302	3.382959568
2303	2096	7.744351219
2303	2303	6.819309778
2305	552	50.79345746
2306	2305	17.05056529
2307	555	4.813345537
2307	2307	629.645021
2308	467	1002.759097
2308	2244	4937.18977
2308	2308	841.4741963
2308	2309	60.84446606
2309	180	67.16916358
2309	2308	60.84446606
2310	569	32.51273493
2311	637	273.3453248
2312	463	130.3504757
2312	2312	26.67003552
2313	2258	194.6686257
2314	557	703.5877327
2314	2314	521.2519592
2314	2512	703.6574471
2315	548	30.83086301
2316	304	25.3485186
2317	2430	77.8665473
2318	1736	1.343216953
2319	919	294.3249266
2320	654	12.77513844
2321	610	3556.883474
2321	1305	736.6234279
2322	1230	58.25794879
2323	2151	27.60057307
2324	2182	1.236395537
2325	1918	5.781833623
2326	2254	90.62074834
2327	1458	88.20138476
2327	2327	17.29733989
2328	2333	1.869662977
2331	18	42.77429274
2331	67	6.193109149
2332	1305	25.58257348
2333	2392	12.6776748
2334	2041	74.16231786
2335	2328	65.84829438
2336	1168	57.2767574
2337	899	34.09723777
2338	1873	15.31426818
2339	2307	2024.156433
2340	2517	17.29794162
2341	1263	27.98208492
2341	2341	13.2005632
2342	2210	39.11933924
2343	1307	3.812315242
2344	687	29.31834293
2345	2344	49.84223686
2346	1351	7.358486644
2347	2525	0.18127362
2348	1131	3.9728502
2349	1014	49.90820175
2350	2178	40.26008748
2351	392	75.51702482
2352	204	23.52724721
2354	2200	32.2399974
2355	746	6.209132549
2355	790	4.180414407
2356	46	3.57398574
2357	2299	7.108936789
2358	2019	9.900267963
2360	666	47.90775137
2361	1828	119.2872083
2362	2393	429.9863704
2363	64	48.36673915
2363	631	86.42952559
2363	2363	88.98464534
2364	582	519.3113753
2364	586	569.5014372
2364	2364	151.6187856
2365	699	8.32802146
2366	2368	0.25897967
2367	2366	0.251168581
2368	1942	5.509587002
2369	1916	21.51626471
2371	1210	51.24199492
2371	1300	697.307891
2371	1314	1350.7632
2372	676	2.805770349
2373	1076	7.242417093
2374	420	3.274633578
2375	1975	39.61971141
2376	118	0.883484927
2377	791	12.02496512
2377	2378	6.981174507
2378	1269	22.77732649
2378	2377	6.981174507
2379	793	10.33612862
2379	1531	10.34453078
2380	2408	13.93657925
2381	1188	176.470918
2382	2241	142.1077916
2383	2201	129.3866245
2383	2383	53.06887233
2384	1315	10.43742879
2384	2384	27.05085379
2385	1339	2908.066899
2385	2385	2370.731379
2388	566	135.526309
2389	1865	1.872073982
2389	2483	2.42927873
2390	280	68.05297001
2391	2486	16.05135835
2392	1459	36.99790861
2393	2396	12.7163981
2395	1086	22.33026325
2396	1323	503.9055758
2396	2396	27.2838959
2397	1258	99.72122572
2397	1638	12.17015791
2397	2397	130.986956
2398	2418	14.78367982
2399	1077	0.335064172
2400	682	1.899418577
2401	2428	2.763322148
2402	1209	24.71275662
2403	796	6.824349469
2403	1521	2.883685249
2404	1089	4.441402417
2405	1274	10.23808649
2406	1932	298.9489978
2407	1757	10.83375975
2408	1162	13.68885196
2410	761	21.97524515
2411	1554	48.66842185
2412	1199	6.780909619
2413	2546	2.95262413
2414	2416	0.176241626
2415	2414	16.00739733
2416	1819	72.9236587
2416	2429	2.721598442
2417	2471	17.89189366
2418	1041	0.587821466
2419	2494	3.357055146
2420	1231	4.097048827
2421	2404	0.350531999
2422	2426	12.49086524
2423	1457	18.19873137
2424	1401	32.57251832
2424	1552	66.63463581
2424	1961	143.6045889
2424	2424	19.01137423
2424	2542	85.9284765
2425	795	5.459135644
2425	1268	5.621354597
2425	2425	4.314465136
2426	1940	8.959496282
2427	2036	2.495457228
2428	1325	54.17831144
2429	1138	3.899155924
2430	1169	84.76294451
2431	1211	29.34079448
2432	194	5.922781283
2433	1040	68.30683188
2434	238	9.914705467
2435	32	5.997973793
2436	1336	0.994840877
2437	1236	1.2543257
2438	400	0.61969589
2439	1084	3.660174764
2440	2400	0.631287849
2441	2445	25.67396287
2442	677	7.092358964
2443	2462	1.110522775
2444	773	4.97992547
2445	2446	9.860539118
2446	2380	14.25208852
2447	579	4.994583846
2448	1286	0.999129217
2449	1358	3.695374789
2450	2451	2.098174638
2451	2452	1.458645107
2452	1173	9.864849041
2453	1175	0.02380231
2459	658	3.764170755
2460	665	35.9800502
2462	2453	0.539802951
2463	578	6.684590474
2464	2465	8.688571924
2465	2463	6.679622643
2469	2342	2.962291207
2470	2469	6.342795528
2471	2415	34.81092711
2472	2464	25.73908701
2473	2472	6.288693924
2477	2473	3.288246992
2478	1197	5.239394008
2481	1526	4.548890052
2481	2482	0.908507197
2482	2481	0.908507198
2482	2533	5.381989891
2483	1366	1.312165301
2483	2389	2.42927873
2485	841	5.523369232
2486	963	3.064912882
2487	842	82.6207202
2488	1494	23.25847473
2489	1727	116.4602436
2489	2489	17.94768049
2489	2519	32.66089819
2490	575	4.968598005
2491	1142	8.175745628
2492	2497	2.270795278
2493	210	20.50066599
2494	693	0.642079224
2495	684	0.736238663
2496	962	12.40383076
2497	1033	5.836388527
2498	2504	32.76385564
2499	2515	2.05000128
2500	660	10.08764437
2501	956	1.174025877
2502	959	35.47363974
2504	1357	2.489528025
2504	2504	8.439106591
2505	1015	25.52737843
2506	2505	11.86028902
2507	2506	10.5269046
2508	934	60.73730284
2508	1081	64.69908155
2508	2508	17.37439407
2509	2043	551.4173369
2510	524	2.573273711
2511	1176	0.367404436
2512	2512	470.8330129
2512	2541	809.1544039
2513	829	7.669260656
2514	1145	5.111800425
2515	2498	7.126973341
2516	1238	89.26306066
2517	93	21.98585823
2518	1860	27.05700136
2519	2485	71.85128637
2520	382	69.78807407
2521	1657	334.5404551
2522	476	30.99434613
2523	2524	0.072318803
2524	2401	11.88811082
2525	1093	4.789353227
2526	1844	126.1020561
2528	1830	11.47484255
2529	1339	13.88770595
2530	1294	18.33946421
2531	122	7.517224052
2532	966	6.819278886
2533	1366	2.131041166
2533	2482	5.381989891
2534	2536	39.91888603
2535	220	252.4989984
2535	545	638.4842242
2535	2535	191.241222
2535	2559	102.8048984
2536	2411	22.23747255
2537	756	0.01959367
2538	670	8.622322068
2539	7	17.92319642
2540	1555	4.646652783
2541	220	342.0116377
2541	2541	291.1435768
2542	1961	57.67611238
2542	2542	22.69243506
2543	1963	16.83576612
2544	1516	4.850819464
2544	2245	14.26577446
2545	2127	3882.798744
2546	2537	5.65348056
2547	2548	38.58262194
2548	1118	2974.662164
2549	281	423.3040603
2549	2239	761.3930776
2549	2549	1481.563999
2550	2520	12.00260834
2551	1133	494.4946128
2551	1198	902.268814
2551	2551	363.4805375
2552	1731	22.3001658
2553	2554	0.898265762
2554	2556	0.271252681
2555	2553	0.325418514
2556	1733	116.5246809
2557	640	33.7657442
2558	1654	432.0683993
2558	1656	846.906761
2558	2559	2.444721793
2559	2535	102.8754889
2559	2558	2.444890972
2560	1143	3065.841334
2560	2560	520.2909017
2561	1361	1220.70953
2561	2561	889.8891215
2562	2059	10.32739665